0 0.074219 0.139844 0.144271 0.107813
0 0.096094 0.043750 0.119271 0.079687
0 0.154167 0.089063 0.070833 0.139063
0 0.054427 0.260547 0.105729 0.122656
0 0.105208 0.285547 0.070833 0.083594
0 0.166146 0.206641 0.097917 0.136719
0 0.239323 0.241797 0.109896 0.077344
0 0.251563 0.066406 0.116667 0.110937
0 0.264323 0.148047 0.100521 0.097656
0 0.367448 0.165625 0.169271 0.096875
0 0.353125 0.241016 0.126042 0.075781
0 0.376302 0.303906 0.124479 0.089063
0 0.035417 0.353906 0.069792 0.073438
0 0.045052 0.440625 0.086979 0.109375
0 0.176042 0.442188 0.167708 0.106250
0 0.038802 0.526953 0.073438 0.077344
0 0.103125 0.549219 0.120833 0.110937
0 0.225521 0.535547 0.117708 0.091406
0 0.188281 0.611328 0.135937 0.091406
0 0.196354 0.687500 0.102083 0.089063
0 0.020313 0.603516 0.037500 0.069531
0 0.060417 0.663281 0.064583 0.101562
0 0.079427 0.752344 0.078646 0.167187
0 0.143229 0.758203 0.078125 0.149219
0 0.289583 0.806250 0.126042 0.109375
0 0.272135 0.889062 0.142187 0.126562
0 0.162500 0.892969 0.128125 0.131250
0 0.068750 0.891016 0.075000 0.132031
0 0.071875 0.960156 0.122917 0.079687
0 0.386719 0.091016 0.138021 0.085156
0 0.243229 0.335156 0.069792 0.118750
0 0.308333 0.401172 0.107292 0.133594
0 0.359375 0.451172 0.128125 0.085156
0 0.344792 0.550000 0.103125 0.114062
0 0.293750 0.599219 0.069792 0.101562
0 0.323437 0.735547 0.153125 0.111719
0 0.375521 0.677734 0.115625 0.125781
0 0.423698 0.640625 0.066146 0.100000
0 0.381250 0.824609 0.073958 0.089844
0 0.379688 0.918750 0.078125 0.148438
0 0.500000 0.907813 0.126042 0.109375
0 0.475260 0.804297 0.131771 0.132031
0 0.540104 0.727734 0.146875 0.088281
0 0.596875 0.647656 0.127083 0.109375
0 0.431250 0.535547 0.070833 0.142969
0 0.483333 0.507422 0.067708 0.164844
0 0.486198 0.395313 0.095312 0.089063
0 0.496615 0.317969 0.126562 0.092188
0 0.478646 0.242969 0.120833 0.096875
0 0.531771 0.195312 0.115625 0.096875
0 0.530990 0.117188 0.134896 0.092188
0 0.639844 0.054688 0.141146 0.090625
0 0.682292 0.126562 0.147917 0.081250
0 0.672917 0.210938 0.115625 0.079687
0 0.618750 0.278516 0.108333 0.077344
0 0.633333 0.334375 0.120833 0.095312
0 0.590885 0.382031 0.109896 0.095312
0 0.660156 0.470313 0.132812 0.106250
0 0.560937 0.562500 0.139583 0.112500
0 0.754167 0.576172 0.132292 0.097656
0 0.794792 0.521094 0.146875 0.100000
0 0.785156 0.422656 0.143229 0.095312
0 0.727865 0.325000 0.102604 0.117188
0 0.766146 0.280469 0.127083 0.089063
0 0.802865 0.222266 0.115104 0.102344
0 0.777604 0.062891 0.120833 0.088281
0 0.613542 0.812109 0.157292 0.108594
0 0.640625 0.905078 0.128125 0.108594
0 0.770833 0.842187 0.151042 0.117188
0 0.727865 0.950391 0.139063 0.094531
0 0.757812 0.676172 0.151042 0.102344
0 0.865104 0.348438 0.076042 0.173437
0 0.864062 0.126953 0.117708 0.088281
0 0.910417 0.197656 0.102083 0.131250
0 0.947396 0.287500 0.105208 0.075000
0 0.945573 0.355469 0.098437 0.103125
0 0.934896 0.451562 0.096875 0.131250
0 0.915885 0.645703 0.132812 0.089844
0 0.806510 0.737109 0.139063 0.086719
0 0.889844 0.827734 0.088021 0.167969
0 0.917448 0.731641 0.086979 0.085156
0 0.918490 0.949609 0.123438 0.097656
0 0.961979 0.102734 0.072917 0.100781
