0 0.080769 0.557143 0.087692 0.300000
0 0.363077 0.313095 0.089231 0.245238
0 0.178462 0.415476 0.101538 0.245238
0 0.236923 0.498810 0.064615 0.211905
0 0.313846 0.553571 0.110769 0.307143
0 0.410769 0.584524 0.095385 0.302381
0 0.487692 0.478571 0.076923 0.247619
0 0.553846 0.446429 0.073846 0.211905
0 0.526923 0.309524 0.081538 0.157143
0 0.616923 0.528571 0.064615 0.190476
0 0.684615 0.551190 0.070769 0.226190
0 0.730769 0.491667 0.058462 0.159524
0 0.796154 0.545238 0.078462 0.214286
0 0.583077 0.834524 0.049231 0.140476
0 0.619231 0.691667 0.056923 0.145238
0 0.542308 0.760714 0.050769 0.154762
0 0.530000 0.647619 0.056923 0.161905
0 0.853846 0.496429 0.076923 0.173810
0 0.966923 0.584524 0.066154 0.173810
0 0.903077 0.620238 0.061538 0.111905
0 0.973846 0.727381 0.040000 0.121429
