0 0.163000 0.599684 0.058000 0.174051
0 0.237000 0.675633 0.066000 0.180380
0 0.299000 0.765823 0.062000 0.164557
0 0.081000 0.878165 0.038000 0.110759
0 0.128000 0.863924 0.052000 0.107595
0 0.217000 0.819620 0.046000 0.094937
0 0.351000 0.621835 0.074000 0.199367
0 0.469000 0.558544 0.066000 0.142405
0 0.504000 0.490506 0.068000 0.170886
0 0.576000 0.568038 0.064000 0.161392
0 0.642000 0.542722 0.068000 0.205696
0 0.593000 0.275316 0.070000 0.164557
0 0.706000 0.375000 0.096000 0.212025
0 0.685000 0.156646 0.058000 0.148734
0 0.850000 0.408228 0.072000 0.189873
0 0.824000 0.528481 0.104000 0.183544
0 0.954000 0.569620 0.088000 0.221519
