0 0.237903 0.601250 0.082258 0.222500
0 0.323387 0.658750 0.088710 0.247500
0 0.261290 0.796250 0.064516 0.182500
0 0.207258 0.812500 0.046774 0.120000
0 0.146774 0.883750 0.087097 0.187500
0 0.403226 0.790000 0.077419 0.220000
0 0.475000 0.740000 0.085484 0.250000
0 0.533065 0.635000 0.069355 0.175000
0 0.595161 0.542500 0.083871 0.215000
0 0.649194 0.696250 0.075806 0.182500
0 0.700000 0.591250 0.100000 0.112500
0 0.766129 0.465000 0.077419 0.270000
0 0.816935 0.397500 0.072581 0.225000
0 0.861290 0.615000 0.061290 0.220000
0 0.933871 0.571250 0.087097 0.187500
