0 0.189375 0.316522 0.076250 0.149565
0 0.098125 0.512174 0.123750 0.092174
0 0.130000 0.595652 0.097500 0.074783
0 0.133125 0.661739 0.151250 0.088696
0 0.196875 0.756522 0.131250 0.173913
0 0.246875 0.813913 0.051250 0.114783
0 0.318750 0.886957 0.072500 0.163478
0 0.296250 0.686087 0.062500 0.151304
0 0.433750 0.723478 0.075000 0.166957
0 0.806875 0.257391 0.078750 0.104348
0 0.621875 0.445217 0.086250 0.100870
0 0.642500 0.520870 0.082500 0.099130
0 0.568750 0.668696 0.072500 0.203478
0 0.653125 0.689565 0.093750 0.126957
0 0.655625 0.601739 0.076250 0.104348
0 0.726875 0.569565 0.078750 0.137391
0 0.773125 0.701739 0.066250 0.186087
0 0.810000 0.755652 0.070000 0.168696
0 0.880000 0.764348 0.080000 0.161739
0 0.931875 0.806957 0.078750 0.160000
