0 0.299320 0.416327 0.078912 0.167347
0 0.257823 0.534694 0.093878 0.228571
0 0.159864 0.567347 0.107483 0.171429
0 0.225850 0.690816 0.117007 0.206122
0 0.464626 0.389796 0.096599 0.204082
0 0.340136 0.582653 0.076190 0.189796
0 0.402721 0.448980 0.078912 0.151020
0 0.497959 0.565306 0.111565 0.200000
0 0.553741 0.408163 0.095238 0.200000
0 0.604082 0.539796 0.092517 0.189796
0 0.697959 0.514286 0.108844 0.236735
0 0.808844 0.576531 0.115646 0.206122
0 0.940816 0.551020 0.091156 0.187755
0 0.895238 0.619388 0.103401 0.214286
