0 0.067383 0.117862 0.070312 0.165447
0 0.130859 0.086384 0.062500 0.146413
0 0.159668 0.150073 0.055664 0.133236
0 0.198730 0.215959 0.057617 0.174231
0 0.257324 0.117130 0.067383 0.158126
0 0.336426 0.303807 0.057617 0.180088
0 0.427246 0.450952 0.059570 0.152269
0 0.470703 0.529283 0.058594 0.171303
0 0.513672 0.571010 0.070312 0.163982
0 0.567383 0.556369 0.064453 0.175695
0 0.645020 0.434846 0.075195 0.114202
0 0.666016 0.775988 0.078125 0.172767
0 0.732910 0.817716 0.065430 0.153734
0 0.720703 0.611274 0.064453 0.168375
