0 0.108216 0.440239 0.048096 0.139442
0 0.219439 0.635458 0.062124 0.227092
0 0.279559 0.695219 0.062124 0.290837
0 0.398798 0.709163 0.072144 0.239044
0 0.455912 0.715139 0.058116 0.235060
0 0.516032 0.653386 0.070140 0.231076
0 0.580160 0.645418 0.066132 0.207171
0 0.623246 0.338645 0.068136 0.207171
0 0.558116 0.484064 0.058116 0.171315
0 0.609218 0.527888 0.052104 0.171315
0 0.689379 0.292829 0.072144 0.179283
0 0.702405 0.515936 0.066132 0.211155
0 0.913828 0.254980 0.092184 0.199203
0 0.746493 0.715139 0.078156 0.219124
0 0.772545 0.531873 0.074148 0.219124
0 0.803607 0.752988 0.056112 0.215139
0 0.916834 0.452191 0.058116 0.187251
0 0.945892 0.583665 0.068136 0.211155
0 0.846693 0.595618 0.066132 0.211155
0 0.963928 0.713147 0.072144 0.143426
