0 0.106000 0.378030 0.050000 0.083333
0 0.217500 0.512879 0.067000 0.153030
0 0.278500 0.549242 0.061000 0.180303
0 0.395000 0.567424 0.064000 0.159091
0 0.454000 0.571970 0.062000 0.140909
0 0.580500 0.539394 0.065000 0.139394
0 0.514500 0.515909 0.067000 0.137879
0 0.622000 0.313636 0.074000 0.130303
0 0.689500 0.278788 0.077000 0.121212
0 0.693000 0.443182 0.060000 0.128788
0 0.741000 0.572727 0.056000 0.133333
0 0.799000 0.578788 0.060000 0.151515
0 0.850500 0.483333 0.065000 0.139394
0 0.909000 0.259091 0.086000 0.127273
0 0.915000 0.385606 0.060000 0.131818
0 0.948000 0.475758 0.068000 0.136364
0 0.961000 0.571212 0.068000 0.100000
