0 0.208171 0.132653 0.105058 0.163265
0 0.422179 0.625000 0.120623 0.260204
0 0.282101 0.446429 0.136187 0.250000
0 0.258755 0.693878 0.089494 0.244898
0 0.336576 0.642857 0.089494 0.255102
0 0.134241 0.609694 0.081712 0.168367
0 0.165370 0.431122 0.089494 0.096939
0 0.066148 0.642857 0.070039 0.163265
0 0.435798 0.413265 0.085603 0.142857
0 0.527237 0.423469 0.097276 0.204082
0 0.614786 0.339286 0.163424 0.260204
0 0.764591 0.405612 0.120623 0.219388
0 0.852140 0.252551 0.155642 0.290816
0 0.953307 0.247449 0.093385 0.331633
