0 0.217778 0.686667 0.071111 0.182222
0 0.393333 0.751111 0.075556 0.204444
0 0.284444 0.780000 0.062222 0.164444
0 0.586667 0.695556 0.071111 0.164444
0 0.511111 0.677778 0.080000 0.155556
0 0.624444 0.408889 0.066667 0.160000
0 0.700000 0.584444 0.075556 0.173333
0 0.742222 0.737778 0.088889 0.168889
0 0.868889 0.662222 0.102222 0.222222
0 0.906667 0.340000 0.088889 0.182222
0 0.693333 0.366667 0.080000 0.164444
0 0.917778 0.495556 0.075556 0.146667
0 0.942222 0.631111 0.071111 0.168889
0 0.964444 0.746667 0.071111 0.124444
0 0.106667 0.508889 0.053333 0.093333
