0 0.623711 0.307692 0.164948 0.069231
0 0.670103 0.421154 0.134021 0.065385
0 0.672680 0.611538 0.118557 0.107692
0 0.592784 0.655769 0.082474 0.111538
0 0.786082 0.513462 0.108247 0.065385
0 0.438144 0.259615 0.082474 0.073077
0 0.502577 0.248077 0.087629 0.073077
0 0.644330 0.230769 0.103093 0.092308
0 0.654639 0.134615 0.164948 0.061538
0 0.481959 0.669231 0.077320 0.084615
0 0.512887 0.732692 0.056701 0.057692
0 0.610825 0.530769 0.108247 0.053846
0 0.786082 0.576923 0.097938 0.061538
0 0.306701 0.101923 0.077320 0.057692
