0 0.236842 0.600529 0.075188 0.185185
0 0.257519 0.769841 0.063910 0.174603
0 0.319549 0.642857 0.082707 0.216931
0 0.398496 0.761905 0.075188 0.211640
0 0.468045 0.714286 0.086466 0.253968
0 0.530075 0.616402 0.067669 0.164021
0 0.595865 0.531746 0.078947 0.206349
0 0.654135 0.682540 0.075188 0.190476
0 0.140977 0.854497 0.086466 0.185185
0 0.768797 0.460317 0.086466 0.243386
0 0.703008 0.571429 0.097744 0.137566
0 0.201128 0.777778 0.056391 0.126984
0 0.937970 0.552910 0.086466 0.195767
0 0.864662 0.597884 0.075188 0.211640
