0 0.420690 0.646552 0.041379 0.097701
0 0.481034 0.465517 0.031034 0.091954
0 0.432759 0.502874 0.037931 0.097701
0 0.400000 0.500000 0.034483 0.091954
0 0.367241 0.531609 0.037931 0.086207
0 0.356897 0.709770 0.031034 0.086207
0 0.250000 0.864943 0.037931 0.086207
0 0.187931 0.548851 0.017241 0.074713
0 0.212069 0.554598 0.024138 0.074713
0 0.244828 0.571839 0.027586 0.074713
0 0.175862 0.704023 0.027586 0.074713
0 0.250000 0.775862 0.031034 0.068966
0 0.189655 0.933908 0.034483 0.074713
0 0.265517 0.482759 0.020690 0.080460
0 0.293103 0.482759 0.027586 0.068966
0 0.313793 0.485632 0.027586 0.074713
0 0.477586 0.169540 0.037931 0.097701
0 0.515517 0.192529 0.031034 0.109195
0 0.620690 0.497126 0.034483 0.086207
0 0.660345 0.485632 0.037931 0.074713
0 0.712069 0.229885 0.037931 0.091954
0 0.496552 0.068966 0.041379 0.068966
0 0.786207 0.163793 0.048276 0.086207
0 0.839655 0.166667 0.044828 0.126437
0 0.320690 0.712644 0.034483 0.114943
0 0.906897 0.074713 0.034483 0.091954
0 0.939655 0.060345 0.031034 0.086207
0 0.355172 0.410920 0.027586 0.074713
