0 0.358423 0.725000 0.057348 0.150000
0 0.546595 0.483333 0.053763 0.155556
0 0.498208 0.452778 0.050179 0.150000
0 0.645161 0.441667 0.050179 0.150000
0 0.096774 0.950000 0.050179 0.100000
0 0.170251 0.877778 0.039427 0.088889
0 0.795699 0.355556 0.043011 0.144444
0 0.747312 0.294444 0.046595 0.133333
0 0.756272 0.402778 0.043011 0.105556
0 0.688172 0.408333 0.043011 0.105556
0 0.951613 0.258333 0.046595 0.127778
0 0.896057 0.244444 0.043011 0.133333
0 0.842294 0.269444 0.064516 0.172222
0 0.211470 0.902778 0.043011 0.161111
