0 0.306818 0.579545 0.068182 0.095455
0 0.334091 0.709091 0.068182 0.118182
0 0.336364 0.802273 0.063636 0.086364
0 0.286364 0.856818 0.063636 0.104545
0 0.431818 0.756818 0.090909 0.068182
0 0.834091 0.713636 0.068182 0.072727
0 0.825000 0.838636 0.059091 0.095455
0 0.402273 0.859091 0.050000 0.090909
0 0.413636 0.570455 0.063636 0.059091
0 0.406818 0.675000 0.077273 0.077273
0 0.654545 0.629545 0.063636 0.095455
0 0.836364 0.638636 0.072727 0.068182
0 0.397727 0.190909 0.077273 0.063636
0 0.084091 0.300000 0.059091 0.063636
0 0.763636 0.870455 0.063636 0.095455
0 0.384091 0.315909 0.068182 0.086364
0 0.368182 0.911364 0.081818 0.077273
0 0.704545 0.765909 0.045455 0.077273
0 0.379545 0.145455 0.059091 0.054545
