0 0.610909 0.428962 0.029091 0.092896
0 0.741818 0.486339 0.029091 0.109290
0 0.776364 0.472678 0.040000 0.103825
0 0.703636 0.448087 0.047273 0.087432
0 0.587273 0.387978 0.025455 0.087432
0 0.289091 0.628415 0.040000 0.098361
0 0.272727 0.710383 0.029091 0.087432
0 0.310909 0.751366 0.061818 0.071038
0 0.483636 0.469945 0.036364 0.098361
0 0.367273 0.546448 0.043636 0.076503
0 0.398182 0.540984 0.032727 0.076503
0 0.427273 0.538251 0.040000 0.092896
0 0.358182 0.631148 0.025455 0.081967
0 0.381818 0.603825 0.029091 0.081967
0 0.412727 0.625683 0.032727 0.071038
0 0.216364 0.811475 0.040000 0.103825
0 0.172727 0.863388 0.032727 0.098361
0 0.201818 0.863388 0.025455 0.098361
0 0.210909 0.920765 0.036364 0.092896
0 0.494545 0.625683 0.029091 0.060109
0 0.500000 0.565574 0.032727 0.060109
0 0.549091 0.622951 0.043636 0.076503
0 0.780000 0.396175 0.040000 0.060109
0 0.709091 0.382514 0.036364 0.076503
