0 0.256364 0.683060 0.040000 0.087432
0 0.230909 0.718579 0.032727 0.092896
0 0.456364 0.587432 0.047273 0.114754
0 0.190909 0.857923 0.032727 0.087432
0 0.174545 0.918033 0.036364 0.087432
0 0.100000 0.885246 0.040000 0.087432
0 0.176364 0.732240 0.032727 0.087432
0 0.203636 0.740437 0.029091 0.092896
0 0.396364 0.404372 0.043636 0.076503
0 0.716364 0.420765 0.050909 0.109290
0 0.667273 0.412568 0.047273 0.103825
0 0.621818 0.418033 0.043636 0.081967
0 0.712727 0.295082 0.043636 0.098361
0 0.512727 0.163934 0.036364 0.076503
0 0.534545 0.357923 0.050909 0.081967
