0 0.462963 0.551075 0.059259 0.080645
0 0.511111 0.518817 0.051852 0.123656
0 0.094444 0.389785 0.033333 0.091398
0 0.059259 0.397849 0.037037 0.096774
0 0.272222 0.663978 0.055556 0.102151
0 0.333333 0.658602 0.044444 0.102151
0 0.405556 0.672043 0.033333 0.075269
0 0.668519 0.763441 0.077778 0.096774
0 0.853704 0.534946 0.062963 0.080645
0 0.492593 0.287634 0.037037 0.069892
0 0.568519 0.793011 0.055556 0.091398
0 0.324074 0.752688 0.033333 0.075269
0 0.670370 0.922043 0.044444 0.091398
0 0.057407 0.701613 0.048148 0.080645
0 0.494444 0.072581 0.040741 0.091398
0 0.581481 0.215054 0.044444 0.064516
0 0.874074 0.247312 0.059259 0.075269
0 0.842593 0.868280 0.040741 0.091398
0 0.940741 0.927419 0.051852 0.091398
0 0.031481 0.612903 0.033333 0.075269
0 0.555556 0.930108 0.044444 0.075269
