0 0.190909 0.423497 0.047273 0.114754
0 0.190909 0.161202 0.040000 0.092896
0 0.110909 0.885246 0.040000 0.076503
0 0.107273 0.565574 0.047273 0.092896
0 0.112727 0.478142 0.036364 0.103825
0 0.105455 0.155738 0.036364 0.081967
0 0.094545 0.062842 0.043636 0.071038
0 0.183636 0.560109 0.040000 0.114754
0 0.161818 0.617486 0.040000 0.087432
0 0.163636 0.710383 0.043636 0.065574
0 0.516364 0.740437 0.043636 0.103825
0 0.449091 0.819672 0.054545 0.131148
0 0.450909 0.642077 0.036364 0.081967
0 0.541818 0.530055 0.036364 0.087432
0 0.429091 0.874317 0.036364 0.098361
0 0.576364 0.546448 0.032727 0.076503
0 0.192727 0.284153 0.036364 0.065574
0 0.483636 0.273224 0.036364 0.098361
0 0.843636 0.256831 0.043636 0.163934
0 0.894545 0.412568 0.043636 0.103825
0 0.834545 0.464481 0.040000 0.098361
0 0.929091 0.325137 0.025455 0.081967
0 0.460000 0.964481 0.032727 0.071038
0 0.561818 0.961749 0.040000 0.076503
