0 0.608889 0.604444 0.044444 0.053333
0 0.180000 0.420000 0.057778 0.040000
0 0.624444 0.651111 0.057778 0.048889
0 0.120000 0.855556 0.044444 0.040000
0 0.275556 0.424444 0.044444 0.057778
0 0.255556 0.544444 0.048889 0.048889
0 0.580000 0.691111 0.057778 0.048889
0 0.440000 0.655556 0.035556 0.057778
0 0.240000 0.762222 0.035556 0.048889
0 0.431111 0.408889 0.053333 0.053333
0 0.326667 0.755556 0.048889 0.044444
0 0.215556 0.464444 0.057778 0.040000
0 0.404444 0.611111 0.044444 0.066667
0 0.140000 0.768889 0.040000 0.062222
