0 0.236928 0.862805 0.055556 0.189024
0 0.174837 0.756098 0.068627 0.231707
0 0.057190 0.564024 0.055556 0.103659
0 0.366013 0.826220 0.065359 0.237805
0 0.429739 0.835366 0.055556 0.195122
0 0.558824 0.777439 0.065359 0.201220
0 0.486928 0.756098 0.084967 0.182927
0 0.599673 0.454268 0.068627 0.189024
0 0.674837 0.408537 0.075163 0.195122
0 0.678105 0.637195 0.068627 0.213415
0 0.905229 0.375000 0.091503 0.201220
0 0.910131 0.554878 0.062092 0.195122
0 0.942810 0.695122 0.075163 0.219512
0 0.960784 0.826220 0.078431 0.140244
0 0.243464 0.737805 0.062092 0.121951
