0 0.634545 0.459016 0.047273 0.120219
0 0.543636 0.428962 0.040000 0.103825
0 0.416364 0.677596 0.083636 0.120219
0 0.287273 0.674863 0.072727 0.081967
0 0.127273 0.762295 0.050909 0.092896
0 0.190909 0.819672 0.047273 0.109290
0 0.132727 0.827869 0.069091 0.092896
0 0.367273 0.407104 0.058182 0.103825
0 0.592727 0.445355 0.036364 0.103825
0 0.390909 0.112022 0.047273 0.114754
0 0.561818 0.584699 0.040000 0.109290
0 0.489091 0.666667 0.047273 0.120219
0 0.280000 0.068306 0.043636 0.103825
0 0.590909 0.636612 0.047273 0.114754
0 0.430909 0.043716 0.069091 0.065574
