0 0.166667 0.779221 0.051988 0.207792
0 0.204893 0.912338 0.067278 0.162338
0 0.212538 0.613636 0.045872 0.175325
0 0.221713 0.428571 0.064220 0.168831
0 0.230887 0.269481 0.070336 0.097403
0 0.238532 0.756494 0.067278 0.123377
0 0.270642 0.685065 0.051988 0.149351
0 0.250765 0.568182 0.055046 0.136364
0 0.318043 0.425325 0.048930 0.162338
0 0.362385 0.512987 0.045872 0.181818
0 0.396024 0.444805 0.045872 0.188312
0 0.438838 0.386364 0.051988 0.214286
0 0.506116 0.327922 0.039755 0.162338
0 0.486239 0.464286 0.042813 0.188312
0 0.553517 0.493506 0.030581 0.207792
0 0.587156 0.519481 0.042813 0.168831
0 0.625382 0.525974 0.051988 0.194805
0 0.588685 0.285714 0.033639 0.129870
0 0.709480 0.321429 0.055046 0.097403
0 0.688073 0.564935 0.048930 0.168831
0 0.892966 0.545455 0.055046 0.181818
0 0.727829 0.532468 0.030581 0.116883
