0 0.656667 0.122024 0.053333 0.148810
0 0.783333 0.440476 0.026667 0.095238
0 0.525000 0.645833 0.036667 0.089286
0 0.148333 0.211310 0.030000 0.077381
0 0.153333 0.151786 0.040000 0.077381
0 0.160000 0.062500 0.026667 0.089286
0 0.185000 0.077381 0.023333 0.083333
0 0.710000 0.511905 0.026667 0.083333
0 0.735000 0.511905 0.030000 0.071429
0 0.926667 0.157738 0.033333 0.113095
0 0.516667 0.151786 0.040000 0.101190
0 0.503333 0.511905 0.020000 0.083333
0 0.523333 0.505952 0.026667 0.083333
0 0.450000 0.482143 0.026667 0.071429
0 0.435000 0.136905 0.030000 0.083333
0 0.661667 0.633929 0.023333 0.077381
