0 0.200000 0.800000 0.266667 0.124444
0 0.131111 0.680000 0.217778 0.142222
0 0.091111 0.537778 0.164444 0.186667
0 0.342222 0.646667 0.204444 0.111111
0 0.402222 0.731111 0.235556 0.111111
0 0.460000 0.837778 0.191111 0.200000
0 0.297778 0.528889 0.195556 0.160000
0 0.288889 0.442222 0.231111 0.128889
0 0.360000 0.200000 0.355556 0.142222
0 0.400000 0.311111 0.266667 0.124444
0 0.460000 0.437778 0.173333 0.208889
0 0.528889 0.433333 0.133333 0.182222
0 0.533333 0.604444 0.195556 0.151111
0 0.628889 0.644444 0.164444 0.186667
0 0.760000 0.802222 0.124444 0.173333
0 0.873333 0.755556 0.155556 0.231111
0 0.837778 0.284444 0.208889 0.106667
0 0.582222 0.391111 0.106667 0.142222
0 0.657778 0.406667 0.097778 0.182222
0 0.908889 0.482222 0.137778 0.182222
0 0.688889 0.195556 0.142222 0.124444
0 0.684444 0.291111 0.115556 0.182222
0 0.764444 0.473333 0.151111 0.155556
0 0.806667 0.375556 0.111111 0.173333
0 0.877778 0.600000 0.191111 0.133333
