0 0.558935 0.712042 0.098859 0.261780
0 0.733840 0.628272 0.106464 0.272251
0 0.235741 0.748691 0.182510 0.240838
0 0.304183 0.832461 0.076046 0.167539
0 0.403042 0.908377 0.098859 0.183246
0 0.300380 0.934555 0.098859 0.130890
0 0.146388 0.625654 0.201521 0.130890
0 0.136882 0.552356 0.136882 0.120419
0 0.224335 0.180628 0.098859 0.193717
0 0.370722 0.654450 0.072243 0.209424
0 0.830798 0.450262 0.110266 0.136126
0 0.806084 0.332461 0.129278 0.120419
0 0.102662 0.421466 0.159696 0.141361
0 0.045627 0.500000 0.083650 0.099476
0 0.849810 0.667539 0.125475 0.162304
0 0.853612 0.552356 0.102662 0.120419
0 0.950570 0.507853 0.098859 0.188482
0 0.338403 0.350785 0.121673 0.094241
