0 0.261411 0.624402 0.033195 0.081340
0 0.205394 0.504785 0.029046 0.062201
0 0.228216 0.490431 0.024896 0.052632
0 0.238589 0.418660 0.037344 0.043062
0 0.699170 0.746411 0.037344 0.066986
0 0.798755 0.688995 0.029046 0.076555
0 0.414938 0.796651 0.033195 0.071770
0 0.394191 0.777512 0.033195 0.062201
0 0.446058 0.746411 0.037344 0.047847
0 0.549793 0.751196 0.029046 0.047847
0 0.576763 0.736842 0.033195 0.047847
0 0.450207 0.557416 0.053942 0.081340
0 0.375519 0.655502 0.037344 0.076555
0 0.346473 0.629187 0.037344 0.043062
0 0.356846 0.547847 0.033195 0.062201
0 0.336100 0.550239 0.049793 0.047847
0 0.286307 0.437799 0.033195 0.052632
0 0.271784 0.239234 0.037344 0.076555
0 0.255187 0.224880 0.037344 0.086124
0 0.309129 0.193780 0.037344 0.052632
0 0.367220 0.153110 0.045643 0.047847
0 0.470954 0.150718 0.037344 0.043062
0 0.543568 0.081340 0.041494 0.057416
0 0.315353 0.325359 0.041494 0.076555
0 0.344398 0.301435 0.041494 0.066986
0 0.435685 0.299043 0.033195 0.062201
0 0.458506 0.270335 0.029046 0.043062
0 0.475104 0.208134 0.037344 0.062201
0 0.545643 0.167464 0.037344 0.066986
0 0.560166 0.186603 0.033195 0.057416
0 0.578838 0.177033 0.029046 0.047847
0 0.607884 0.160287 0.045643 0.043062
0 0.665975 0.193780 0.045643 0.071770
0 0.390041 0.385167 0.041494 0.062201
0 0.427386 0.389952 0.033195 0.052632
0 0.460581 0.409091 0.041494 0.090909
0 0.520747 0.614833 0.029046 0.062201
0 0.545643 0.622010 0.037344 0.076555
0 0.572614 0.607656 0.033195 0.057416
0 0.639004 0.535885 0.033195 0.086124
0 0.659751 0.511962 0.024896 0.047847
0 0.836100 0.602871 0.037344 0.086124
0 0.865145 0.586124 0.037344 0.062201
0 0.890041 0.607656 0.029046 0.105263
0 0.917012 0.586124 0.033195 0.062201
0 0.773859 0.437799 0.029046 0.071770
0 0.804979 0.464115 0.024896 0.057416
0 0.819502 0.468900 0.029046 0.038278
0 0.844398 0.464115 0.029046 0.057416
0 0.589212 0.397129 0.024896 0.038278
0 0.842324 0.389952 0.033195 0.071770
0 0.869295 0.370813 0.020747 0.071770
0 0.894191 0.361244 0.037344 0.062201
0 0.520747 0.337321 0.029046 0.052632
0 0.541494 0.315789 0.029046 0.047847
0 0.612033 0.409091 0.029046 0.071770
0 0.643154 0.397129 0.033195 0.066986
0 0.655602 0.327751 0.033195 0.081340
0 0.682573 0.301435 0.029046 0.076555
0 0.701245 0.277512 0.033195 0.047847
0 0.707469 0.236842 0.029046 0.052632
0 0.726141 0.227273 0.033195 0.052632
0 0.790456 0.255981 0.029046 0.071770
0 0.809129 0.232057 0.033195 0.081340
0 0.827801 0.208134 0.029046 0.062201
0 0.854772 0.212919 0.033195 0.062201
0 0.670124 0.717703 0.037344 0.057416
0 0.831950 0.708134 0.020747 0.066986
0 0.858921 0.696172 0.024896 0.062201
0 0.775934 0.662679 0.033195 0.052632
