0 0.504525 0.651316 0.104072 0.065789
0 0.253394 0.706140 0.063348 0.096491
0 0.138009 0.666667 0.076923 0.122807
0 0.382353 0.548246 0.058824 0.105263
0 0.429864 0.649123 0.063348 0.087719
0 0.536199 0.728070 0.122172 0.087719
0 0.484163 0.576754 0.081448 0.083333
0 0.601810 0.567982 0.081448 0.127193
0 0.690045 0.559211 0.067873 0.127193
0 0.192308 0.574561 0.067873 0.061404
0 0.223982 0.622807 0.067873 0.052632
0 0.271493 0.480263 0.072398 0.083333
0 0.361991 0.296053 0.072398 0.074561
0 0.414027 0.260965 0.058824 0.065789
0 0.533937 0.256579 0.081448 0.092105
0 0.717195 0.482456 0.067873 0.122807
0 0.773756 0.524123 0.063348 0.083333
0 0.434389 0.171053 0.072398 0.096491
0 0.423077 0.070175 0.049774 0.078947
0 0.733032 0.199561 0.045249 0.109649
0 0.873303 0.502193 0.054299 0.092105
0 0.787330 0.219298 0.054299 0.131579
0 0.647059 0.300439 0.063348 0.083333
0 0.694570 0.291667 0.067873 0.065789
0 0.846154 0.192982 0.045249 0.070175
0 0.773756 0.311404 0.063348 0.096491
0 0.642534 0.221491 0.054299 0.083333
0 0.961538 0.475877 0.067873 0.083333
