0 0.946667 0.808889 0.071111 0.151111
0 0.808889 0.242222 0.071111 0.111111
0 0.433333 0.708889 0.084444 0.182222
0 0.571111 0.651111 0.093333 0.217778
0 0.131111 0.646667 0.146667 0.093333
0 0.197778 0.744444 0.120000 0.164444
0 0.244444 0.811111 0.062222 0.120000
0 0.242222 0.897778 0.075556 0.106667
0 0.322222 0.873333 0.084444 0.164444
0 0.620000 0.422222 0.102222 0.115556
0 0.648889 0.506667 0.088889 0.097778
0 0.771111 0.688889 0.066667 0.177778
0 0.817778 0.742222 0.062222 0.168889
0 0.886667 0.746667 0.084444 0.168889
0 0.737778 0.557778 0.080000 0.120000
0 0.186667 0.304444 0.080000 0.146667
0 0.093333 0.486667 0.115556 0.128889
0 0.131111 0.588889 0.093333 0.102222
0 0.297778 0.666667 0.062222 0.142222
0 0.666667 0.680000 0.097778 0.142222
0 0.040000 0.557778 0.071111 0.084444
