0 0.442222 0.424444 0.066667 0.120000
0 0.377778 0.431111 0.062222 0.106667
0 0.266667 0.128889 0.071111 0.106667
0 0.333333 0.124444 0.062222 0.115556
0 0.417778 0.148889 0.062222 0.111111
0 0.362222 0.331111 0.066667 0.102222
0 0.448889 0.513333 0.080000 0.102222
0 0.475556 0.673333 0.062222 0.084444
0 0.380000 0.517778 0.057778 0.075556
0 0.388889 0.608889 0.057778 0.088889
0 0.611111 0.708889 0.084444 0.093333
0 0.608889 0.193333 0.080000 0.120000
0 0.588889 0.604444 0.066667 0.115556
0 0.760000 0.344444 0.062222 0.093333
0 0.688889 0.468889 0.053333 0.057778
0 0.566667 0.755556 0.048889 0.062222
0 0.417778 0.311111 0.053333 0.097778
0 0.366667 0.206667 0.048889 0.084444
0 0.482222 0.142222 0.057778 0.115556
