0 0.099251 0.716931 0.108614 0.206349
0 0.397004 0.417989 0.067416 0.148148
0 0.501873 0.415344 0.067416 0.132275
0 0.305243 0.460317 0.071161 0.116402
0 0.705993 0.582011 0.048689 0.095238
0 0.202247 0.642857 0.052434 0.100529
0 0.419476 0.552910 0.067416 0.111111
0 0.657303 0.468254 0.056180 0.111111
0 0.717228 0.703704 0.041199 0.095238
0 0.756554 0.698413 0.037453 0.084656
0 0.676030 0.767196 0.041199 0.084656
0 0.797753 0.624339 0.044944 0.074074
0 0.923221 0.600529 0.041199 0.068783
0 0.943820 0.550265 0.037453 0.074074
0 0.801498 0.775132 0.037453 0.058201
0 0.844569 0.690476 0.041199 0.089947
0 0.855805 0.613757 0.048689 0.074074
0 0.503745 0.537037 0.056180 0.100529
0 0.552434 0.505291 0.048689 0.132275
0 0.629213 0.539683 0.059925 0.116402
0 0.089888 0.582011 0.052434 0.105820
0 0.149813 0.595238 0.044944 0.121693
0 0.803371 0.902116 0.041199 0.068783
