0 0.146907 0.623552 0.056701 0.088803
0 0.097938 0.596525 0.051546 0.096525
0 0.100515 0.496139 0.067010 0.096525
0 0.515464 0.708494 0.072165 0.057915
0 0.247423 0.285714 0.051546 0.069498
0 0.461340 0.573359 0.046392 0.057915
0 0.427835 0.480695 0.041237 0.042471
0 0.195876 0.575290 0.061856 0.061776
0 0.237113 0.415058 0.072165 0.081081
0 0.448454 0.345560 0.041237 0.065637
0 0.497423 0.388031 0.056701 0.065637
0 0.515464 0.660232 0.051546 0.038610
0 0.291237 0.206564 0.067010 0.057915
0 0.505155 0.835907 0.051546 0.050193
0 0.530928 0.787645 0.041237 0.046332
0 0.463918 0.901544 0.030928 0.042471
0 0.868557 0.281853 0.036082 0.046332
0 0.360825 0.021236 0.041237 0.034749
0 0.479381 0.301158 0.041237 0.046332
0 0.801546 0.162162 0.036082 0.054054
0 0.432990 0.183398 0.030928 0.050193
0 0.958763 0.164093 0.020619 0.034749
