0 0.313208 0.576316 0.067925 0.184211
0 0.230189 0.810526 0.083019 0.147368
0 0.284906 0.744737 0.049057 0.110526
0 0.335849 0.736842 0.060377 0.157895
0 0.390566 0.626316 0.071698 0.221053
0 0.467925 0.731579 0.067925 0.189474
0 0.522642 0.692105 0.064151 0.205263
0 0.577358 0.607895 0.067925 0.142105
0 0.630189 0.528947 0.075472 0.184211
0 0.686792 0.657895 0.067925 0.168421
0 0.733962 0.557895 0.079245 0.115789
0 0.788679 0.460526 0.075472 0.226316
0 0.835849 0.418421 0.056604 0.194737
0 0.875472 0.586842 0.060377 0.184211
0 0.945283 0.547368 0.071698 0.157895
