0 0.438224 0.242268 0.073359 0.144330
0 0.702703 0.402062 0.131274 0.164948
0 0.409266 0.600515 0.069498 0.139175
0 0.528958 0.641753 0.054054 0.108247
0 0.445946 0.860825 0.065637 0.123711
0 0.422780 0.755155 0.065637 0.159794
0 0.691120 0.865979 0.046332 0.082474
0 0.772201 0.798969 0.046332 0.092784
0 0.845560 0.703608 0.046332 0.077320
0 0.862934 0.762887 0.042471 0.061856
0 0.725869 0.123711 0.054054 0.092784
0 0.507722 0.286082 0.057915 0.108247
0 0.212355 0.685567 0.069498 0.113402
0 0.474903 0.628866 0.046332 0.072165
0 0.749035 0.868557 0.046332 0.067010
0 0.683398 0.177835 0.054054 0.108247
0 0.063707 0.680412 0.050193 0.113402
0 0.727799 0.059278 0.073359 0.087629
0 0.131274 0.760309 0.046332 0.097938
