0 0.103704 0.413978 0.051852 0.086022
0 0.212963 0.556452 0.070370 0.166667
0 0.277778 0.596774 0.066667 0.215054
0 0.398148 0.607527 0.070370 0.193548
0 0.461111 0.610215 0.055556 0.166667
0 0.516667 0.553763 0.070370 0.139785
0 0.587037 0.567204 0.062963 0.145161
0 0.625926 0.327957 0.066667 0.139785
0 0.557407 0.427419 0.048148 0.123656
0 0.701852 0.295699 0.085185 0.139785
0 0.707407 0.473118 0.066667 0.172043
0 0.787037 0.459677 0.070370 0.145161
0 0.753704 0.607527 0.077778 0.161290
0 0.870370 0.524194 0.096296 0.209677
0 0.811111 0.629032 0.066667 0.172043
0 0.924074 0.260753 0.092593 0.166667
0 0.935185 0.147849 0.062963 0.112903
0 0.931481 0.408602 0.062963 0.150538
0 0.959259 0.508065 0.059259 0.145161
0 0.966667 0.610215 0.066667 0.102151
