0 0.046667 0.520000 0.075556 0.168889
0 0.120000 0.564444 0.080000 0.186667
0 0.266667 0.562222 0.088889 0.182222
0 0.340000 0.571111 0.066667 0.164444
0 0.411111 0.508889 0.075556 0.146667
0 0.495556 0.520000 0.075556 0.151111
0 0.544444 0.302222 0.093333 0.133333
0 0.468889 0.391111 0.066667 0.115556
0 0.644444 0.428889 0.088889 0.155556
0 0.904444 0.233333 0.120000 0.146667
0 0.908889 0.375556 0.066667 0.137778
0 0.733333 0.437778 0.088889 0.146667
0 0.835556 0.486667 0.115556 0.182222
0 0.700000 0.560000 0.084444 0.160000
0 0.628889 0.255556 0.093333 0.128889
