0 0.045455 0.120588 0.084175 0.229412
0 0.161616 0.144118 0.101010 0.217647
0 0.097643 0.620588 0.101010 0.217647
0 0.057239 0.902941 0.067340 0.194118
0 0.292929 0.708824 0.107744 0.229412
0 0.516835 0.635294 0.104377 0.270588
0 0.395623 0.779412 0.117845 0.241176
0 0.419192 0.505882 0.077441 0.258824
0 0.338384 0.476471 0.097643 0.258824
0 0.353535 0.229412 0.080808 0.270588
0 0.439394 0.261765 0.084175 0.194118
0 0.501684 0.367647 0.087542 0.300000
0 0.570707 0.320588 0.070707 0.205882
0 0.764310 0.297059 0.127946 0.205882
0 0.803030 0.455882 0.151515 0.158824
0 0.752525 0.679412 0.104377 0.241176
0 0.848485 0.661765 0.101010 0.264706
0 0.919192 0.752941 0.074074 0.200000
0 0.880471 0.264706 0.097643 0.211765
0 0.925926 0.417647 0.080808 0.176471
0 0.319865 0.894118 0.087542 0.188235
0 0.550505 0.111765 0.077441 0.200000
