0 0.690559 0.252841 0.031469 0.062500
0 0.311189 0.565341 0.034965 0.085227
0 0.284965 0.693182 0.038462 0.079545
0 0.541958 0.718750 0.027972 0.062500
0 0.395105 0.755682 0.027972 0.068182
0 0.384615 0.471591 0.034965 0.056818
0 0.167832 0.789773 0.034965 0.068182
0 0.365385 0.761364 0.031469 0.068182
0 0.561189 0.610795 0.031469 0.062500
0 0.527972 0.772727 0.041958 0.079545
0 0.508741 0.434659 0.031469 0.062500
0 0.208042 0.761364 0.045455 0.068182
0 0.543706 0.380682 0.038462 0.090909
0 0.603147 0.392045 0.031469 0.079545
0 0.337413 0.491477 0.031469 0.073864
0 0.354895 0.565341 0.031469 0.062500
0 0.447552 0.559659 0.027972 0.073864
0 0.479021 0.539773 0.027972 0.079545
0 0.337413 0.772727 0.031469 0.090909
0 0.244755 0.673295 0.027972 0.073864
0 0.384615 0.156250 0.020979 0.062500
0 0.529720 0.656250 0.031469 0.051136
0 0.575175 0.400568 0.024476 0.085227
