0 0.486532 0.708824 0.030303 0.088235
0 0.451178 0.691176 0.033670 0.100000
0 0.390572 0.617647 0.053872 0.070588
0 0.531987 0.417647 0.033670 0.094118
0 0.392256 0.558824 0.043771 0.070588
0 0.454545 0.550000 0.040404 0.076471
0 0.424242 0.579412 0.026936 0.076471
0 0.439394 0.450000 0.043771 0.064706
0 0.535354 0.241176 0.040404 0.105882
0 0.506734 0.064706 0.037037 0.070588
0 0.621212 0.682353 0.023569 0.058824
0 0.488215 0.435294 0.040404 0.094118
0 0.631313 0.538235 0.030303 0.076471
0 0.636364 0.738235 0.026936 0.064706
0 0.636364 0.802941 0.026936 0.064706
0 0.824916 0.188235 0.026936 0.058824
0 0.814815 0.329412 0.026936 0.070588
0 0.826599 0.385294 0.030303 0.052941
0 0.831650 0.447059 0.026936 0.058824
0 0.824916 0.711765 0.040404 0.094118
0 0.611111 0.044118 0.030303 0.052941
0 0.606061 0.855882 0.033670 0.052941
0 0.634680 0.914706 0.037037 0.052941
0 0.612795 0.973529 0.033670 0.041176
0 0.983165 0.676471 0.033670 0.058824
0 0.986532 0.944118 0.026936 0.052941
0 0.988215 0.876471 0.023569 0.058824
0 0.841751 0.917647 0.033670 0.047059
0 0.824916 0.117647 0.033670 0.070588
0 0.821549 0.032353 0.040404 0.052941
0 0.956229 0.211765 0.040404 0.094118
0 0.939394 0.132353 0.040404 0.052941
0 0.964646 0.061765 0.037037 0.064706
0 0.390572 0.400000 0.033670 0.070588
