0 0.598684 0.291855 0.057018 0.040724
0 0.502193 0.217195 0.057018 0.036199
0 0.451754 0.278281 0.043860 0.058824
0 0.377193 0.264706 0.043860 0.067873
0 0.524123 0.515837 0.048246 0.063348
0 0.385965 0.789593 0.043860 0.067873
0 0.473684 0.769231 0.035088 0.063348
0 0.513158 0.909502 0.061404 0.045249
0 0.475877 0.855204 0.039474 0.063348
0 0.614035 0.726244 0.035088 0.040724
0 0.396930 0.522624 0.030702 0.058824
0 0.423246 0.515837 0.030702 0.045249
0 0.421053 0.778281 0.035088 0.063348
0 0.372807 0.714932 0.026316 0.054299
0 0.616228 0.355204 0.048246 0.040724
0 0.361842 0.432127 0.039474 0.049774
0 0.315789 0.540724 0.026316 0.040724
0 0.482456 0.705882 0.026316 0.054299
0 0.482456 0.975113 0.043860 0.040724
0 0.725877 0.723982 0.048246 0.063348
0 0.440789 0.975113 0.039474 0.049774
