0 0.165428 0.422460 0.070632 0.085561
0 0.304833 0.379679 0.044610 0.106952
0 0.386617 0.368984 0.081784 0.085561
0 0.085502 0.500000 0.066914 0.080214
0 0.094796 0.609626 0.055762 0.106952
0 0.128253 0.652406 0.055762 0.106952
0 0.167286 0.681818 0.044610 0.101604
0 0.159851 0.561497 0.052045 0.106952
0 0.423792 0.542781 0.052045 0.112299
0 0.390335 0.459893 0.052045 0.085561
0 0.215613 0.601604 0.066914 0.133690
0 0.258364 0.622995 0.048327 0.112299
0 0.284387 0.580214 0.040892 0.112299
0 0.336431 0.526738 0.063197 0.133690
0 0.356877 0.561497 0.044610 0.074866
0 0.485130 0.614973 0.063197 0.139037
0 0.537175 0.524064 0.055762 0.117647
0 0.596654 0.513369 0.063197 0.117647
0 0.585502 0.679144 0.092937 0.160428
0 0.524164 0.866310 0.059480 0.053476
0 0.678439 0.743316 0.040892 0.106952
0 0.618959 0.791444 0.048327 0.106952
0 0.736059 0.807487 0.052045 0.085561
0 0.981413 0.751337 0.037175 0.101604
0 0.832714 0.700535 0.029740 0.064171
0 0.877323 0.716578 0.059480 0.085561
0 0.548327 0.906417 0.055762 0.069519
0 0.838290 0.799465 0.048327 0.080214
0 0.572491 0.970588 0.066914 0.037433
