0 0.097778 0.580000 0.053333 0.093333
0 0.300000 0.604444 0.040000 0.080000
0 0.344444 0.633333 0.048889 0.075556
0 0.471111 0.593333 0.044444 0.075556
0 0.760000 0.668889 0.062222 0.084444
0 0.820000 0.662222 0.057778 0.080000
0 0.911111 0.653333 0.044444 0.088889
0 0.873333 0.677778 0.048889 0.075556
0 0.157778 0.746667 0.066667 0.071111
0 0.602222 0.764444 0.066667 0.071111
0 0.240000 0.791111 0.097778 0.062222
0 0.193333 0.904444 0.102222 0.075556
0 0.142222 0.844444 0.097778 0.062222
0 0.520000 0.891111 0.088889 0.066667
0 0.444444 0.926667 0.097778 0.066667
0 0.497778 0.764444 0.071111 0.053333
0 0.500000 0.824444 0.066667 0.075556
0 0.297778 0.875556 0.071111 0.080000
0 0.357778 0.880000 0.057778 0.088889
0 0.431111 0.768889 0.062222 0.062222
0 0.391111 0.822222 0.115556 0.062222
0 0.564444 0.711111 0.071111 0.044444
0 0.675556 0.762222 0.053333 0.093333
0 0.668889 0.675556 0.048889 0.071111
