0 0.882222 0.522222 0.164444 0.235556
0 0.742222 0.495556 0.151111 0.253333
0 0.600000 0.595556 0.177778 0.284444
0 0.582222 0.831111 0.142222 0.257778
0 0.728889 0.773333 0.133333 0.222222
0 0.266667 0.566667 0.133333 0.244444
0 0.246667 0.751111 0.111111 0.177778
0 0.446667 0.757778 0.102222 0.191111
0 0.206667 0.857778 0.093333 0.151111
0 0.131111 0.877778 0.084444 0.173333
0 0.326667 0.866667 0.093333 0.142222
0 0.464444 0.324444 0.102222 0.231111
0 0.057778 0.846667 0.062222 0.146667
0 0.720000 0.204444 0.088889 0.133333
0 0.333333 0.297778 0.080000 0.142222
0 0.844444 0.186667 0.115556 0.106667
