0 0.100000 0.561111 0.035714 0.077778
0 0.101786 0.625000 0.032143 0.072222
0 0.285714 0.786111 0.042857 0.061111
0 0.291071 0.691667 0.039286 0.083333
0 0.151786 0.480556 0.025000 0.050000
0 0.182143 0.413889 0.028571 0.061111
0 0.185714 0.358333 0.028571 0.050000
0 0.214286 0.352778 0.028571 0.072222
0 0.271429 0.575000 0.028571 0.061111
0 0.442857 0.544444 0.042857 0.077778
0 0.619643 0.705556 0.039286 0.100000
0 0.464286 0.766667 0.035714 0.077778
0 0.492857 0.763889 0.028571 0.072222
0 0.382143 0.169444 0.042857 0.094444
0 0.469643 0.102778 0.032143 0.072222
0 0.635714 0.250000 0.042857 0.077778
0 0.821429 0.736111 0.035714 0.072222
0 0.607143 0.916667 0.035714 0.100000
0 0.828571 0.811111 0.035714 0.077778
0 0.867857 0.727778 0.035714 0.088889
0 0.448214 0.894444 0.025000 0.088889
0 0.841071 0.052778 0.039286 0.072222
0 0.878571 0.636111 0.028571 0.072222
0 0.569643 0.300000 0.039286 0.100000
0 0.937500 0.411111 0.032143 0.077778
