0 0.117754 0.398352 0.083333 0.104396
0 0.217391 0.521978 0.086957 0.175824
0 0.284420 0.552198 0.083333 0.203297
0 0.389493 0.582418 0.076087 0.175824
0 0.451087 0.576923 0.068841 0.142857
0 0.519928 0.862637 0.047101 0.076923
0 0.585145 0.543956 0.068841 0.142857
0 0.518116 0.524725 0.094203 0.137363
0 0.557971 0.414835 0.050725 0.137363
0 0.619565 0.329670 0.072464 0.164835
0 0.693841 0.293956 0.083333 0.148352
0 0.914855 0.162088 0.083333 0.104396
0 0.916667 0.271978 0.115942 0.148352
0 0.922101 0.387363 0.090580 0.126374
0 0.938406 0.478022 0.101449 0.164835
0 0.958333 0.568681 0.083333 0.126374
0 0.697464 0.464286 0.083333 0.170330
0 0.778986 0.458791 0.101449 0.137363
0 0.855072 0.486264 0.086957 0.159341
0 0.735507 0.579670 0.094203 0.148352
0 0.637681 0.829670 0.050725 0.054945
0 0.632246 0.887363 0.039855 0.049451
0 0.740942 0.953297 0.039855 0.071429
0 0.742754 0.868132 0.036232 0.043956
0 0.846014 0.964286 0.047101 0.060440
0 0.900362 0.695055 0.032609 0.060440
0 0.965580 0.697802 0.032609 0.087912
