0 0.100000 0.645455 0.063636 0.127273
0 0.147727 0.704545 0.068182 0.118182
0 0.206818 0.702273 0.068182 0.122727
0 0.254545 0.709091 0.045455 0.109091
0 0.279545 0.654545 0.059091 0.100000
0 0.315909 0.600000 0.068182 0.136364
0 0.359091 0.531818 0.063636 0.127273
0 0.450000 0.570455 0.072727 0.140909
0 0.513636 0.590909 0.063636 0.127273
0 0.531818 0.479545 0.072727 0.113636
0 0.427273 0.336364 0.081818 0.109091
0 0.577273 0.727273 0.054545 0.100000
0 0.636364 0.731818 0.072727 0.118182
0 0.718182 0.743182 0.072727 0.131818
0 0.620455 0.515909 0.077273 0.122727
0 0.652273 0.338636 0.059091 0.095455
0 0.825000 0.375000 0.050000 0.095455
0 0.863636 0.511364 0.063636 0.095455
0 0.875000 0.579545 0.059091 0.068182
0 0.931818 0.606818 0.054545 0.095455
0 0.847727 0.643182 0.068182 0.104545
