0 0.693333 0.187500 0.093333 0.279762
0 0.875000 0.410714 0.076667 0.178571
0 0.351667 0.080357 0.043333 0.113095
0 0.381667 0.199405 0.036667 0.101190
0 0.743333 0.880952 0.100000 0.238095
0 0.835000 0.675595 0.096667 0.220238
0 0.240000 0.747024 0.066667 0.184524
0 0.425000 0.904762 0.050000 0.130952
0 0.295000 0.244048 0.036667 0.119048
0 0.385000 0.601190 0.050000 0.142857
0 0.390000 0.720238 0.073333 0.119048
0 0.425000 0.770833 0.043333 0.172619
0 0.290000 0.383929 0.040000 0.136905
0 0.256667 0.351190 0.046667 0.119048
0 0.786667 0.776786 0.080000 0.220238
0 0.703333 0.705357 0.080000 0.208333
0 0.231667 0.178571 0.050000 0.130952
0 0.318333 0.803571 0.063333 0.142857
