0 0.461818 0.475410 0.065455 0.109290
0 0.396364 0.366120 0.065455 0.120219
0 0.243636 0.341530 0.080000 0.114754
0 0.274545 0.428962 0.069091 0.092896
0 0.107273 0.262295 0.069091 0.120219
0 0.043636 0.139344 0.072727 0.103825
0 0.474545 0.098361 0.054545 0.120219
0 0.132727 0.953552 0.083636 0.081967
0 0.792727 0.639344 0.065455 0.076503
0 0.912727 0.251366 0.058182 0.087432
0 0.090909 0.035519 0.080000 0.060109
0 0.150909 0.073770 0.054545 0.125683
0 0.049091 0.265027 0.040000 0.103825
0 0.094545 0.874317 0.058182 0.087432
0 0.376364 0.445355 0.047273 0.092896
0 0.678182 0.595628 0.061818 0.087432
0 0.567273 0.084699 0.058182 0.103825
0 0.945455 0.743169 0.058182 0.098361
0 0.863636 0.243169 0.040000 0.092896
