0 0.110860 0.521930 0.040724 0.052632
0 0.271493 0.664474 0.036199 0.030702
0 0.246606 0.337719 0.049774 0.052632
0 0.364253 0.346491 0.049774 0.052632
0 0.972851 0.785088 0.054299 0.061404
0 0.952489 0.649123 0.049774 0.061404
0 0.744344 0.668860 0.067873 0.048246
0 0.628959 0.495614 0.054299 0.043860
0 0.549774 0.425439 0.031674 0.043860
0 0.570136 0.407895 0.027149 0.035088
0 0.592760 0.418860 0.027149 0.039474
0 0.622172 0.423246 0.040724 0.039474
0 0.764706 0.449561 0.036199 0.048246
0 0.866516 0.462719 0.049774 0.039474
0 0.891403 0.607456 0.036199 0.057018
0 0.947964 0.574561 0.031674 0.043860
0 0.115385 0.269737 0.049774 0.048246
0 0.230769 0.247807 0.027149 0.048246
0 0.337104 0.190789 0.040724 0.039474
0 0.420814 0.168860 0.045249 0.039474
0 0.199095 0.307018 0.036199 0.035088
