0 0.231959 0.540541 0.061856 0.100386
0 0.298969 0.538610 0.061856 0.096525
0 0.546392 0.588803 0.061856 0.081081
0 0.708763 0.571429 0.067010 0.077220
0 0.786082 0.583012 0.056701 0.077220
0 0.358247 0.716216 0.097938 0.050193
0 0.355670 0.833977 0.072165 0.100386
0 0.283505 0.822394 0.072165 0.077220
0 0.105670 0.544402 0.087629 0.100386
0 0.172680 0.488417 0.087629 0.073359
0 0.221649 0.370656 0.082474 0.084942
0 0.110825 0.243243 0.097938 0.100386
0 0.520619 0.075290 0.061856 0.073359
0 0.463918 0.061776 0.051546 0.077220
0 0.618557 0.559846 0.072165 0.046332
0 0.605670 0.729730 0.067010 0.054054
0 0.610825 0.787645 0.067010 0.069498
0 0.541237 0.876448 0.041237 0.061776
0 0.231959 0.274131 0.061856 0.084942
0 0.899485 0.125483 0.046392 0.065637
0 0.845361 0.140927 0.051546 0.057915
0 0.615979 0.092664 0.077320 0.054054
0 0.724227 0.106178 0.056701 0.088803
0 0.041237 0.330116 0.061856 0.088803
0 0.585052 0.884170 0.046392 0.077220
0 0.546392 0.739382 0.041237 0.065637
0 0.523196 0.208494 0.056701 0.077220
0 0.523196 0.389961 0.067010 0.069498
0 0.840206 0.698842 0.051546 0.084942
0 0.030928 0.104247 0.051546 0.084942
0 0.378866 0.046332 0.056701 0.054054
