0 0.463333 0.607143 0.046667 0.154762
0 0.180000 0.434524 0.040000 0.119048
0 0.098333 0.285714 0.043333 0.083333
0 0.171667 0.842262 0.050000 0.148810
0 0.303333 0.601190 0.053333 0.142857
0 0.358333 0.639881 0.050000 0.160714
0 0.398333 0.565476 0.036667 0.130952
0 0.656667 0.717262 0.040000 0.101190
0 0.101667 0.574405 0.036667 0.089286
0 0.730000 0.607143 0.033333 0.083333
0 0.538333 0.541667 0.050000 0.107143
0 0.231667 0.875000 0.050000 0.107143
0 0.763333 0.431548 0.040000 0.089286
0 0.691667 0.639881 0.030000 0.113095
0 0.430000 0.610119 0.033333 0.089286
0 0.680000 0.473214 0.033333 0.065476
0 0.343333 0.464286 0.040000 0.083333
0 0.335000 0.523810 0.030000 0.071429
