0 0.168017 0.388117 0.050540 0.062243
0 0.304205 0.349280 0.048225 0.082305
0 0.092593 0.459619 0.058642 0.055041
0 0.157600 0.522377 0.047454 0.094136
0 0.131752 0.607510 0.048997 0.099794
0 0.088156 0.569959 0.046682 0.086420
0 0.171296 0.618827 0.039352 0.100823
0 0.227431 0.561471 0.047454 0.108539
0 0.260031 0.568930 0.033951 0.095679
0 0.325231 0.404064 0.037037 0.063272
0 0.287230 0.532407 0.046682 0.105967
0 0.337191 0.482253 0.050154 0.093107
0 0.381366 0.339763 0.045139 0.063272
0 0.379437 0.430556 0.044367 0.080247
0 0.421103 0.500257 0.048997 0.091049
0 0.498264 0.570473 0.052083 0.118313
0 0.544560 0.481481 0.042052 0.098765
0 0.585648 0.492284 0.037037 0.106996
0 0.604360 0.615998 0.047454 0.108539
0 0.668789 0.684156 0.047454 0.106996
0 0.623264 0.725823 0.051312 0.098765
0 0.731481 0.748200 0.043981 0.064300
0 0.542631 0.840535 0.031250 0.045267
0 0.518711 0.806327 0.032022 0.044753
0 0.833912 0.656379 0.036651 0.049383
0 0.871528 0.666409 0.038580 0.041667
