0 0.385833 0.540556 0.058333 0.047778
0 0.478333 0.573333 0.060000 0.044444
0 0.710833 0.561111 0.075000 0.048889
0 0.384167 0.662222 0.061667 0.042222
0 0.100000 0.187778 0.053333 0.042222
0 0.735833 0.161667 0.045000 0.041111
0 0.745833 0.203333 0.061667 0.033333
0 0.449167 0.645556 0.055000 0.031111
0 0.586667 0.606667 0.060000 0.048889
0 0.118333 0.068889 0.050000 0.031111
0 0.086667 0.026111 0.050000 0.027778
0 0.864167 0.301667 0.068333 0.050000
0 0.754167 0.270556 0.071667 0.054444
0 0.669167 0.290556 0.071667 0.030000
0 0.924167 0.349444 0.061667 0.054444
0 0.729167 0.524444 0.081667 0.035556
0 0.678333 0.655000 0.070000 0.052222
0 0.545000 0.832222 0.076667 0.040000
0 0.459167 0.870556 0.045000 0.047778
0 0.751667 0.697778 0.046667 0.051111
0 0.711667 0.702778 0.046667 0.041111
0 0.408333 0.949444 0.046667 0.034444
0 0.396667 0.169444 0.053333 0.043333
