0 0.288221 0.145000 0.060150 0.116667
0 0.241855 0.395000 0.062657 0.143333
0 0.192982 0.491667 0.055138 0.143333
0 0.097744 0.691667 0.065163 0.130000
0 0.164160 0.688333 0.057644 0.143333
0 0.176692 0.800000 0.057644 0.106667
0 0.176692 0.295000 0.057644 0.110000
0 0.705514 0.418333 0.057644 0.096667
0 0.781955 0.498333 0.065163 0.070000
0 0.736842 0.591667 0.055138 0.090000
0 0.680451 0.668333 0.057644 0.103333
0 0.745614 0.718333 0.057644 0.083333
0 0.725564 0.823333 0.057644 0.100000
0 0.703008 0.930000 0.057644 0.106667
0 0.753133 0.886667 0.047619 0.093333
0 0.781955 0.038333 0.055138 0.070000
0 0.892231 0.221667 0.030075 0.056667
0 0.303258 0.038333 0.050125 0.056667
