0 0.394798 0.298000 0.065896 0.040000
0 0.572832 0.728000 0.070520 0.044000
0 0.441040 0.803000 0.042775 0.102000
0 0.327746 0.930000 0.040462 0.100000
0 0.331792 0.496000 0.032370 0.084000
0 0.143931 0.740000 0.089017 0.080000
0 0.280347 0.930000 0.040462 0.076000
0 0.195954 0.478000 0.056647 0.048000
0 0.193064 0.341000 0.055491 0.066000
0 0.092486 0.562000 0.069364 0.036000
0 0.272832 0.349000 0.023121 0.082000
0 0.235838 0.154000 0.032370 0.088000
0 0.386705 0.635000 0.082081 0.038000
0 0.374566 0.558000 0.027746 0.108000
0 0.393064 0.489000 0.034682 0.102000
0 0.362428 0.712000 0.070520 0.048000
