0 0.889062 0.637002 0.121875 0.051522
0 0.889844 0.733021 0.089063 0.112412
0 0.769531 0.827869 0.142187 0.100703
0 0.460938 0.819672 0.121875 0.084309
0 0.497656 0.461358 0.082812 0.149883
0 0.591406 0.311475 0.104688 0.126464
0 0.417187 0.508197 0.081250 0.154567
0 0.145313 0.660422 0.137500 0.065574
0 0.164844 0.728337 0.135937 0.065574
0 0.173437 0.435597 0.046875 0.074941
0 0.141406 0.572600 0.092188 0.081967
0 0.192188 0.522248 0.084375 0.056206
0 0.282813 0.832553 0.118750 0.063232
0 0.573438 0.915691 0.084375 0.112412
0 0.517188 0.245902 0.096875 0.074941
