0 0.305847 0.302000 0.095952 0.044000
0 0.547976 0.462000 0.043478 0.036000
0 0.512744 0.625000 0.071964 0.062000
0 0.694903 0.585000 0.091454 0.050000
0 0.682909 0.323000 0.076462 0.042000
0 0.610195 0.307000 0.062969 0.090000
0 0.158921 0.533000 0.077961 0.046000
0 0.081709 0.703000 0.046477 0.094000
0 0.478261 0.806000 0.074963 0.056000
0 0.349325 0.955000 0.068966 0.058000
0 0.711394 0.884000 0.088456 0.084000
0 0.736132 0.467000 0.086957 0.038000
0 0.784108 0.364000 0.086957 0.044000
0 0.850075 0.220000 0.071964 0.068000
0 0.676162 0.179000 0.056972 0.102000
0 0.470015 0.157000 0.034483 0.114000
0 0.125187 0.227000 0.076462 0.110000
0 0.206897 0.384000 0.059970 0.092000
