0 0.685333 0.811000 0.029333 0.058000
0 0.506667 0.891000 0.040000 0.046000
0 0.338667 0.881000 0.040000 0.046000
0 0.395333 0.745000 0.030667 0.050000
0 0.314667 0.695000 0.032000 0.062000
0 0.331333 0.679000 0.030667 0.054000
0 0.258000 0.450000 0.044000 0.028000
0 0.352667 0.343000 0.052000 0.034000
0 0.816000 0.490000 0.042667 0.052000
0 0.786667 0.522000 0.021333 0.068000
0 0.742667 0.506000 0.045333 0.044000
0 0.726667 0.733000 0.032000 0.030000
0 0.626667 0.712000 0.040000 0.044000
0 0.568000 0.666000 0.026667 0.064000
0 0.530667 0.771000 0.048000 0.030000
0 0.642667 0.348000 0.042667 0.064000
0 0.484667 0.324000 0.028000 0.084000
