0 0.101000 0.677333 0.022000 0.048000
0 0.120000 0.672000 0.016000 0.048000
0 0.087000 0.828000 0.026000 0.066667
0 0.060000 0.801333 0.032000 0.045333
0 0.090000 0.886667 0.028000 0.056000
0 0.064000 0.901333 0.028000 0.064000
0 0.018000 0.937333 0.028000 0.056000
0 0.046000 0.945333 0.028000 0.056000
0 0.311000 0.716000 0.026000 0.050667
0 0.344000 0.621333 0.044000 0.058667
0 0.280000 0.601333 0.032000 0.050667
0 0.343000 0.378667 0.034000 0.048000
0 0.315000 0.376000 0.026000 0.053333
0 0.311000 0.456000 0.026000 0.048000
0 0.406000 0.736000 0.032000 0.042667
