0 0.280360 0.550000 0.026987 0.044000
0 0.357571 0.362000 0.037481 0.048000
0 0.136432 0.475000 0.035982 0.042000
0 0.070465 0.523000 0.032984 0.058000
0 0.390555 0.343000 0.028486 0.046000
0 0.191904 0.218000 0.026987 0.056000
0 0.170165 0.257000 0.025487 0.042000
0 0.102699 0.097000 0.031484 0.050000
0 0.129685 0.096000 0.031484 0.048000
0 0.252624 0.136000 0.034483 0.060000
0 0.506747 0.191000 0.032984 0.058000
0 0.544228 0.200000 0.044978 0.064000
0 0.479010 0.293000 0.037481 0.058000
0 0.731634 0.105000 0.035982 0.054000
0 0.074963 0.090000 0.026987 0.044000
