0 0.172500 0.326667 0.055000 0.115556
0 0.224167 0.327778 0.038333 0.100000
0 0.240833 0.410000 0.045000 0.117778
0 0.316667 0.381111 0.053333 0.122222
0 0.402500 0.363333 0.058333 0.104444
0 0.456667 0.382222 0.050000 0.102222
0 0.575833 0.338889 0.055000 0.135556
0 0.649167 0.385556 0.048333 0.131111
0 0.745833 0.343333 0.045000 0.113333
0 0.848333 0.547778 0.060000 0.144444
0 0.887500 0.305556 0.075000 0.126667
0 0.900833 0.152222 0.085000 0.131111
0 0.769167 0.432222 0.078333 0.131111
0 0.695000 0.424444 0.063333 0.137778
0 0.790833 0.533333 0.065000 0.084444
0 0.905833 0.604444 0.058333 0.124444
