0 0.235000 0.511250 0.030000 0.052500
0 0.240000 0.565000 0.023333 0.055000
0 0.305833 0.403750 0.021667 0.047500
0 0.310833 0.353750 0.021667 0.042500
0 0.334167 0.345000 0.025000 0.055000
0 0.368333 0.262500 0.026667 0.040000
0 0.478333 0.195000 0.023333 0.060000
0 0.528333 0.495000 0.026667 0.065000
0 0.415000 0.347500 0.023333 0.045000
0 0.395833 0.622500 0.025000 0.070000
0 0.543333 0.686250 0.020000 0.067500
0 0.567500 0.677500 0.021667 0.065000
0 0.533333 0.790000 0.016667 0.065000
0 0.551667 0.138750 0.026667 0.072500
0 0.694167 0.263750 0.028333 0.072500
0 0.631667 0.291250 0.023333 0.067500
0 0.848333 0.670000 0.023333 0.065000
0 0.886667 0.652500 0.030000 0.070000
0 0.855000 0.731250 0.026667 0.067500
0 0.666667 0.806250 0.026667 0.062500
0 0.147500 0.391250 0.021667 0.052500
