0 0.207650 0.500000 0.021858 0.069182
0 0.229508 0.493711 0.032787 0.050314
0 0.240437 0.410377 0.021858 0.059748
0 0.282787 0.444969 0.024590 0.053459
0 0.311475 0.328616 0.027322 0.066038
0 0.398907 0.378931 0.032787 0.053459
0 0.461749 0.410377 0.032787 0.072327
0 0.453552 0.558176 0.043716 0.084906
0 0.374317 0.657233 0.032787 0.075472
0 0.403005 0.787736 0.046448 0.078616
0 0.368852 0.152516 0.027322 0.047170
0 0.545082 0.075472 0.030055 0.056604
0 0.476776 0.207547 0.024590 0.069182
0 0.463115 0.150943 0.030055 0.056604
0 0.658470 0.190252 0.038251 0.053459
0 0.617486 0.407233 0.027322 0.066038
