0 0.600000 0.487327 0.033846 0.057604
0 0.445385 0.403226 0.016923 0.046083
0 0.177692 0.571429 0.029231 0.055300
0 0.308462 0.697005 0.020000 0.057604
0 0.420769 0.312212 0.026154 0.048387
0 0.540769 0.118664 0.026154 0.052995
0 0.893077 0.207373 0.029231 0.036866
0 0.433846 0.572581 0.021538 0.066820
0 0.595385 0.644009 0.024615 0.052995
0 0.616154 0.753456 0.023077 0.059908
0 0.203077 0.236175 0.030769 0.062212
0 0.646154 0.154378 0.030769 0.041475
0 0.882308 0.332949 0.023077 0.062212
0 0.570769 0.688940 0.033846 0.059908
0 0.554615 0.481567 0.023077 0.046083
0 0.841538 0.243088 0.018462 0.048387
0 0.295385 0.372120 0.021538 0.048387
0 0.629231 0.834101 0.030769 0.064516
