0 0.099871 0.564000 0.032216 0.064000
0 0.103093 0.622000 0.025773 0.060000
0 0.186211 0.363000 0.029639 0.062000
0 0.182990 0.422000 0.030928 0.072000
0 0.212629 0.349000 0.033505 0.070000
0 0.382732 0.172000 0.038660 0.080000
0 0.470361 0.105000 0.028351 0.078000
0 0.639820 0.249000 0.024485 0.074000
0 0.442655 0.531000 0.034794 0.082000
0 0.291237 0.693000 0.030928 0.078000
0 0.490979 0.768000 0.036082 0.080000
0 0.623067 0.705000 0.032216 0.082000
0 0.611469 0.914000 0.034794 0.092000
0 0.820876 0.747000 0.030928 0.070000
0 0.831830 0.824000 0.042526 0.096000
0 0.864046 0.726000 0.037371 0.084000
