0 0.331000 0.413000 0.106000 0.162000
0 0.391000 0.545000 0.098000 0.182000
0 0.407000 0.212000 0.118000 0.160000
0 0.176000 0.830000 0.144000 0.116000
0 0.112000 0.718000 0.112000 0.080000
0 0.171000 0.671000 0.118000 0.070000
0 0.256000 0.705000 0.084000 0.086000
0 0.311000 0.818000 0.150000 0.128000
0 0.344000 0.748000 0.084000 0.092000
0 0.426000 0.757000 0.080000 0.158000
0 0.497000 0.658000 0.114000 0.184000
0 0.501000 0.815000 0.082000 0.146000
0 0.566000 0.895000 0.060000 0.118000
0 0.776000 0.594000 0.116000 0.100000
0 0.666000 0.447000 0.068000 0.114000
0 0.875000 0.691000 0.098000 0.082000
0 0.848000 0.750000 0.136000 0.068000
0 0.719000 0.858000 0.102000 0.104000
