0 0.058065 0.559677 0.077419 0.183871
0 0.216129 0.566129 0.090323 0.151613
0 0.295161 0.569355 0.080645 0.151613
0 0.370968 0.512903 0.103226 0.129032
0 0.458065 0.530645 0.083871 0.119355
0 0.512903 0.311290 0.090323 0.119355
0 0.608065 0.290323 0.100000 0.122581
0 0.627419 0.441935 0.093548 0.141935
0 0.906452 0.258065 0.122581 0.141935
0 0.909677 0.387097 0.070968 0.135484
0 0.946774 0.475806 0.093548 0.138710
0 0.803226 0.477419 0.077419 0.141935
0 0.675806 0.574194 0.080645 0.135484
0 0.751613 0.587097 0.064516 0.141935
