0 0.300805 0.346467 0.050302 0.095109
0 0.332998 0.222826 0.062374 0.168478
0 0.411469 0.320652 0.050302 0.114130
0 0.361167 0.354620 0.066398 0.100543
0 0.299799 0.528533 0.048290 0.122283
0 0.312877 0.764946 0.062374 0.176630
0 0.539235 0.616848 0.064386 0.130435
0 0.820926 0.377717 0.064386 0.141304
0 0.868209 0.335598 0.082495 0.154891
0 0.425553 0.842391 0.062374 0.141304
0 0.569416 0.288043 0.040241 0.141304
0 0.772636 0.217391 0.040241 0.114130
0 0.798793 0.167120 0.048290 0.111413
0 0.353119 0.126359 0.046278 0.116848
0 0.339034 0.639946 0.094567 0.095109
0 0.583501 0.176630 0.056338 0.108696
0 0.595573 0.630435 0.052314 0.114130
0 0.604628 0.838315 0.042254 0.095109
