0 0.167000 0.373874 0.050000 0.081081
0 0.384000 0.324324 0.040000 0.084084
0 0.340000 0.500000 0.064000 0.111111
0 0.131000 0.615616 0.054000 0.114114
0 0.088000 0.575075 0.052000 0.111111
0 0.174000 0.635135 0.040000 0.093093
0 0.156000 0.534535 0.044000 0.114114
0 0.222000 0.572072 0.052000 0.105105
0 0.263000 0.578078 0.046000 0.111111
0 0.285000 0.545045 0.038000 0.111111
0 0.545000 0.478979 0.050000 0.123123
0 0.587000 0.489489 0.034000 0.132132
0 0.499000 0.582583 0.058000 0.126126
0 0.422000 0.501502 0.044000 0.120120
0 0.602000 0.641141 0.048000 0.117117
0 0.672000 0.714715 0.048000 0.108108
0 0.737000 0.782282 0.050000 0.087087
0 0.828000 0.674174 0.048000 0.063063
0 0.623000 0.756757 0.042000 0.090090
0 0.540000 0.882883 0.024000 0.066066
0 0.568000 0.963964 0.044000 0.072072
0 0.087000 0.460961 0.042000 0.063063
