0 0.507812 0.316589 0.018750 0.030374
0 0.558594 0.290888 0.017188 0.044393
0 0.550781 0.169393 0.023438 0.016355
0 0.421094 0.218458 0.020313 0.039720
0 0.219531 0.230140 0.014063 0.030374
0 0.360156 0.315421 0.017188 0.018692
0 0.173437 0.617991 0.015625 0.035047
0 0.197656 0.615654 0.014063 0.053738
0 0.175781 0.656542 0.029687 0.028037
0 0.168750 0.724299 0.015625 0.037383
0 0.279687 0.787383 0.025000 0.037383
0 0.135156 0.227804 0.023438 0.035047
0 0.673438 0.702103 0.018750 0.039720
0 0.415625 0.900701 0.018750 0.035047
0 0.341406 0.501168 0.014063 0.021028
0 0.358594 0.369159 0.017188 0.028037
0 0.641406 0.376168 0.017188 0.042056
0 0.617188 0.293224 0.015625 0.035047
