0 0.277000 0.829231 0.170000 0.200000
0 0.448000 0.820000 0.172000 0.230769
0 0.602000 0.926154 0.144000 0.147692
0 0.370000 0.201538 0.124000 0.212308
0 0.304000 0.561538 0.096000 0.243077
0 0.505000 0.615385 0.086000 0.246154
0 0.794000 0.703077 0.180000 0.156923
0 0.740000 0.570769 0.192000 0.169231
0 0.924000 0.787692 0.152000 0.166154
0 0.206000 0.400000 0.144000 0.215385
0 0.727000 0.167692 0.122000 0.230769
0 0.732000 0.412308 0.148000 0.209231
0 0.883000 0.367692 0.138000 0.243077
0 0.915000 0.575385 0.166000 0.184615
