0 0.288750 0.303750 0.062500 0.082500
0 0.252500 0.207500 0.045000 0.085000
0 0.287500 0.445000 0.075000 0.080000
0 0.227500 0.316250 0.055000 0.092500
0 0.757500 0.405000 0.060000 0.095000
0 0.567500 0.228750 0.060000 0.102500
0 0.628750 0.107500 0.052500 0.075000
0 0.192500 0.436250 0.050000 0.067500
0 0.233750 0.650000 0.082500 0.045000
0 0.583750 0.577500 0.072500 0.090000
0 0.763750 0.741250 0.077500 0.062500
0 0.082500 0.338750 0.050000 0.077500
0 0.657500 0.170000 0.055000 0.075000
0 0.200000 0.181250 0.040000 0.067500
0 0.765000 0.570000 0.060000 0.075000
0 0.707500 0.061250 0.110000 0.092500
