0 0.408546 0.614000 0.061469 0.100000
0 0.523988 0.642000 0.055472 0.104000
0 0.458771 0.704000 0.065967 0.100000
0 0.435532 0.245000 0.070465 0.146000
0 0.703898 0.417000 0.115442 0.134000
0 0.679160 0.516000 0.092954 0.116000
0 0.845577 0.708000 0.044978 0.048000
0 0.864318 0.762000 0.043478 0.064000
0 0.697151 0.871000 0.053973 0.078000
0 0.212144 0.692000 0.058471 0.084000
0 0.058471 0.674000 0.041979 0.084000
0 0.408546 0.771000 0.040480 0.114000
0 0.446027 0.866000 0.052474 0.108000
0 0.488756 0.798000 0.068966 0.092000
