0 0.070968 0.516129 0.083871 0.148387
0 0.156452 0.508065 0.067742 0.106452
0 0.150000 0.590323 0.074194 0.109677
0 0.308065 0.556452 0.087097 0.164516
0 0.387097 0.562903 0.070968 0.132258
0 0.464516 0.516129 0.083871 0.122581
0 0.543548 0.524194 0.093548 0.119355
0 0.717742 0.440323 0.093548 0.132258
0 0.804839 0.430645 0.093548 0.106452
0 0.911290 0.479032 0.100000 0.138710
0 0.772581 0.558065 0.087097 0.135484
0 0.848387 0.574194 0.083871 0.129032
0 0.611290 0.311290 0.093548 0.138710
0 0.514516 0.393548 0.067742 0.103226
