0 0.224219 0.559874 0.026562 0.073529
0 0.355469 0.369748 0.032813 0.050420
0 0.479687 0.299370 0.034375 0.065126
0 0.250000 0.147059 0.037500 0.050420
0 0.137500 0.488445 0.037500 0.048319
0 0.500781 0.198529 0.032813 0.056723
0 0.542188 0.210084 0.050000 0.058824
0 0.391406 0.352941 0.035937 0.042017
0 0.736719 0.107143 0.026562 0.042017
0 0.585156 0.106092 0.039062 0.052521
0 0.167969 0.263655 0.026562 0.048319
0 0.195312 0.225840 0.028125 0.056723
0 0.068750 0.537815 0.031250 0.054622
0 0.620313 0.329832 0.028125 0.046218
0 0.104688 0.102941 0.025000 0.042017
