0 0.666667 0.429000 0.060241 0.118000
0 0.417671 0.399000 0.056225 0.106000
0 0.318273 0.569000 0.062249 0.102000
0 0.257028 0.602000 0.064257 0.116000
0 0.733936 0.194000 0.066265 0.124000
0 0.715863 0.478000 0.058233 0.140000
0 0.497992 0.612000 0.080321 0.124000
0 0.354418 0.454000 0.062249 0.116000
0 0.619478 0.295000 0.090361 0.058000
0 0.623494 0.617000 0.058233 0.118000
0 0.657631 0.530000 0.058233 0.096000
0 0.713855 0.327000 0.058233 0.102000
0 0.403614 0.587000 0.064257 0.074000
0 0.828313 0.235000 0.066265 0.078000
