0 0.443000 0.489000 0.074000 0.130000
0 0.490000 0.416000 0.076000 0.096000
0 0.337000 0.423000 0.070000 0.086000
0 0.249000 0.466000 0.054000 0.096000
0 0.100000 0.313000 0.060000 0.114000
0 0.227000 0.168000 0.086000 0.088000
0 0.059000 0.098000 0.078000 0.144000
0 0.761000 0.633000 0.050000 0.090000
0 0.952000 0.395000 0.084000 0.122000
0 0.287000 0.845000 0.090000 0.130000
0 0.138000 0.867000 0.076000 0.090000
0 0.635000 0.725000 0.086000 0.118000
0 0.564000 0.766000 0.044000 0.104000
0 0.141000 0.236000 0.078000 0.072000
