0 0.332000 0.423653 0.076000 0.194611
0 0.161000 0.443114 0.054000 0.143713
0 0.244000 0.456587 0.096000 0.116766
0 0.400000 0.369760 0.116000 0.170659
0 0.507000 0.446108 0.106000 0.089820
0 0.462000 0.538922 0.096000 0.167665
0 0.190000 0.570359 0.064000 0.122754
0 0.185000 0.802395 0.058000 0.107784
0 0.337000 0.818862 0.074000 0.176647
0 0.394000 0.826347 0.072000 0.167665
0 0.468000 0.763473 0.076000 0.137725
0 0.471000 0.871257 0.078000 0.161677
0 0.331000 0.571856 0.058000 0.149701
0 0.268000 0.559880 0.056000 0.119760
