0 0.844470 0.373846 0.034562 0.052308
0 0.309908 0.318462 0.043779 0.036923
0 0.440092 0.433846 0.046083 0.049231
0 0.441244 0.500000 0.034562 0.043077
0 0.400922 0.196923 0.027650 0.049231
0 0.427419 0.329231 0.039171 0.043077
0 0.904378 0.537692 0.039171 0.038462
0 0.686636 0.487692 0.036866 0.033846
0 0.688940 0.592308 0.032258 0.049231
0 0.372120 0.595385 0.029954 0.036923
0 0.087558 0.633846 0.036866 0.027692
0 0.589862 0.256154 0.027650 0.038462
0 0.610599 0.259231 0.023041 0.041538
0 0.855991 0.584615 0.034562 0.043077
0 0.823733 0.288462 0.039171 0.047692
0 0.731567 0.726154 0.025346 0.018462
0 0.752304 0.739231 0.025346 0.023077
0 0.723502 0.762308 0.027650 0.026154
0 0.725806 0.930000 0.036866 0.032308
0 0.910138 0.186154 0.036866 0.036923
0 0.857143 0.489231 0.036866 0.036923
0 0.890553 0.686154 0.029954 0.046154
