0 0.426923 0.367857 0.056923 0.045238
0 0.308462 0.482143 0.041538 0.069048
0 0.238462 0.532143 0.040000 0.069048
0 0.371538 0.570238 0.032308 0.116667
0 0.400000 0.532143 0.049231 0.088095
0 0.436923 0.536905 0.036923 0.107143
0 0.486923 0.546429 0.047692 0.102381
0 0.530000 0.597619 0.060000 0.147619
0 0.721538 0.367857 0.070769 0.097619
0 0.881538 0.523810 0.055385 0.119048
0 0.603846 0.646429 0.044615 0.107143
0 0.626923 0.782143 0.047692 0.135714
0 0.679231 0.889286 0.066154 0.116667
0 0.240000 0.630952 0.036923 0.066667
