0 0.267000 0.787500 0.022000 0.120000
0 0.291500 0.815000 0.029000 0.105000
0 0.320000 0.882500 0.026000 0.115000
0 0.094500 0.922500 0.045000 0.085000
0 0.356000 0.615000 0.032000 0.100000
0 0.375000 0.507500 0.032000 0.085000
0 0.404500 0.603750 0.033000 0.087500
0 0.427000 0.626250 0.020000 0.077500
0 0.453500 0.646250 0.027000 0.112500
0 0.410000 0.696250 0.024000 0.107500
0 0.531000 0.433750 0.028000 0.117500
0 0.503500 0.585000 0.027000 0.120000
0 0.624500 0.517500 0.025000 0.130000
0 0.649000 0.516250 0.022000 0.122500
0 0.722000 0.502500 0.026000 0.090000
0 0.783000 0.426250 0.030000 0.067500
