0 0.910011 0.435000 0.031496 0.082000
0 0.853768 0.208000 0.026997 0.084000
0 0.859955 0.387000 0.032621 0.078000
0 0.602925 0.703000 0.020247 0.026000
0 0.143982 0.347000 0.017998 0.038000
0 0.136108 0.441000 0.017998 0.042000
0 0.591676 0.772000 0.017998 0.040000
0 0.792463 0.362000 0.023622 0.052000
0 0.910011 0.063000 0.026997 0.062000
0 0.818335 0.624000 0.014623 0.032000
0 0.853768 0.582000 0.020247 0.040000
0 0.929696 0.396000 0.023622 0.052000
0 0.633858 0.714000 0.014623 0.048000
0 0.667604 0.716000 0.012373 0.028000
0 0.795838 0.569000 0.010124 0.022000
