0 0.246000 0.410606 0.036000 0.069697
0 0.253000 0.512121 0.046000 0.084848
0 0.616000 0.572727 0.064000 0.048485
0 0.674000 0.306061 0.036000 0.072727
0 0.567000 0.715152 0.030000 0.084848
0 0.608000 0.722727 0.044000 0.112121
0 0.573000 0.816667 0.038000 0.075758
0 0.550000 0.863636 0.028000 0.078788
0 0.302000 0.272727 0.032000 0.121212
0 0.202000 0.246970 0.028000 0.106061
0 0.089000 0.593939 0.026000 0.066667
0 0.023000 0.600000 0.038000 0.084848
0 0.047000 0.490909 0.034000 0.090909
0 0.720000 0.307576 0.036000 0.063636
0 0.756000 0.153030 0.032000 0.106061
0 0.907000 0.769697 0.042000 0.090909
0 0.532000 0.951515 0.032000 0.090909
0 0.580000 0.957576 0.048000 0.078788
0 0.951000 0.043939 0.038000 0.075758
0 0.151000 0.480303 0.026000 0.081818
0 0.146000 0.874242 0.028000 0.051515
