0 0.295000 0.506000 0.026000 0.044000
0 0.326000 0.515000 0.036000 0.070000
0 0.150000 0.578000 0.028000 0.056000
0 0.118000 0.611000 0.036000 0.054000
0 0.477000 0.575000 0.030000 0.046000
0 0.338000 0.191000 0.032000 0.054000
0 0.549000 0.202000 0.018000 0.036000
0 0.611000 0.220000 0.034000 0.048000
0 0.246000 0.616000 0.040000 0.064000
0 0.786000 0.491000 0.036000 0.050000
0 0.366000 0.739000 0.020000 0.038000
0 0.395000 0.743000 0.018000 0.042000
0 0.536000 0.333000 0.032000 0.046000
0 0.488000 0.392000 0.036000 0.052000
0 0.305000 0.255000 0.042000 0.054000
0 0.694000 0.616000 0.024000 0.040000
