0 0.411538 0.508333 0.066154 0.164286
0 0.356923 0.551190 0.080000 0.130952
0 0.327692 0.447619 0.064615 0.114286
0 0.539231 0.291667 0.063077 0.130952
0 0.472308 0.334524 0.073846 0.135714
0 0.579231 0.594048 0.047692 0.130952
0 0.704615 0.095238 0.061538 0.152381
0 0.673077 0.044048 0.050769 0.083333
0 0.282308 0.679762 0.060000 0.111905
0 0.471538 0.797619 0.066154 0.166667
0 0.514615 0.646429 0.060000 0.150000
0 0.275385 0.917857 0.036923 0.092857
0 0.419231 0.929762 0.044615 0.078571
0 0.529231 0.115476 0.064615 0.135714
0 0.630000 0.148810 0.060000 0.092857
