0 0.355711 0.712996 0.066132 0.227437
0 0.299599 0.875451 0.058116 0.198556
0 0.238477 0.779783 0.072144 0.187726
0 0.165331 0.691336 0.062124 0.176895
0 0.510020 0.561372 0.070140 0.212996
0 0.465932 0.642599 0.062124 0.151625
0 0.591182 0.314079 0.072144 0.194946
0 0.703407 0.438628 0.092184 0.227437
0 0.575150 0.637184 0.064128 0.169675
0 0.635271 0.608303 0.072144 0.227437
0 0.685371 0.194946 0.052104 0.166065
0 0.853707 0.478339 0.068136 0.220217
0 0.954910 0.653430 0.062124 0.216606
0 0.822645 0.602888 0.090180 0.187726
