0 0.287293 0.181000 0.018416 0.038000
0 0.255064 0.318000 0.027624 0.044000
0 0.231123 0.337000 0.023941 0.030000
0 0.299263 0.400000 0.023941 0.036000
0 0.501842 0.382000 0.023941 0.024000
0 0.536832 0.423000 0.023941 0.026000
0 0.670350 0.573000 0.018416 0.038000
0 0.324125 0.529000 0.018416 0.030000
0 0.648250 0.403000 0.014733 0.030000
0 0.539595 0.568000 0.022099 0.032000
0 0.801105 0.214000 0.022099 0.028000
0 0.711786 0.402000 0.020258 0.032000
0 0.828729 0.944000 0.018416 0.028000
0 0.743094 0.234000 0.023941 0.044000
0 0.166667 0.541000 0.023941 0.034000
0 0.500000 0.659000 0.020258 0.034000
0 0.604972 0.726000 0.016575 0.028000
0 0.737569 0.848000 0.020258 0.028000
0 0.744936 0.751000 0.016575 0.018000
