0 0.412731 0.527419 0.061602 0.164516
0 0.191992 0.248387 0.080082 0.154839
0 0.088296 0.204839 0.069815 0.183871
0 0.041068 0.550000 0.078029 0.170968
0 0.035934 0.819355 0.043121 0.154839
0 0.299795 0.682258 0.090349 0.170968
0 0.379877 0.733871 0.086242 0.190323
0 0.494867 0.629032 0.078029 0.200000
0 0.424025 0.895161 0.080082 0.177419
0 0.366530 0.295161 0.088296 0.235484
0 0.528747 0.209677 0.067762 0.148387
0 0.716632 0.369355 0.106776 0.145161
0 0.748460 0.479032 0.141684 0.138710
0 0.816222 0.332258 0.080082 0.154839
0 0.848049 0.441935 0.069815 0.154839
0 0.912731 0.329032 0.075975 0.167742
0 0.733060 0.125806 0.086242 0.180645
0 0.546201 0.380645 0.065708 0.161290
0 0.481520 0.427419 0.071869 0.203226
0 0.705339 0.866129 0.080082 0.164516
0 0.766940 0.872581 0.059548 0.151613
0 0.700205 0.662903 0.086242 0.190323
0 0.783368 0.650000 0.084189 0.164516
0 0.849076 0.717742 0.055441 0.138710
0 0.388090 0.062903 0.065708 0.119355
0 0.340862 0.520968 0.073922 0.151613
0 0.861396 0.896774 0.059548 0.141935
0 0.322382 0.835484 0.057495 0.141935
0 0.127310 0.616129 0.082136 0.161290
