0 0.286000 0.295000 0.068000 0.114000
0 0.214000 0.293000 0.068000 0.130000
0 0.118000 0.457000 0.072000 0.098000
0 0.134000 0.576000 0.076000 0.108000
0 0.285000 0.465000 0.062000 0.086000
0 0.781000 0.664000 0.086000 0.080000
0 0.781000 0.824000 0.058000 0.124000
0 0.218000 0.812000 0.064000 0.080000
0 0.300000 0.649000 0.064000 0.126000
0 0.145000 0.742000 0.054000 0.076000
0 0.119000 0.933000 0.062000 0.110000
0 0.898000 0.316000 0.068000 0.120000
0 0.855000 0.558000 0.062000 0.104000
0 0.124000 0.046000 0.080000 0.080000
0 0.039000 0.256000 0.058000 0.124000
0 0.030000 0.350000 0.056000 0.096000
