0 0.166000 0.581944 0.064000 0.169444
0 0.230000 0.566667 0.064000 0.100000
0 0.227000 0.662500 0.062000 0.141667
0 0.358000 0.622222 0.068000 0.194444
0 0.423000 0.631944 0.058000 0.163889
0 0.480000 0.576389 0.072000 0.141667
0 0.556000 0.590278 0.068000 0.152778
0 0.520000 0.448611 0.048000 0.102778
0 0.600000 0.337500 0.072000 0.147222
0 0.671000 0.295833 0.074000 0.147222
0 0.686000 0.476389 0.076000 0.158333
0 0.752000 0.476389 0.072000 0.136111
0 0.910000 0.270833 0.100000 0.158333
0 0.913000 0.430556 0.062000 0.155556
0 0.736000 0.631944 0.076000 0.175000
0 0.836000 0.534722 0.084000 0.158333
0 0.967000 0.630556 0.066000 0.111111
