0 0.612500 0.498899 0.051667 0.151982
0 0.556667 0.468062 0.063333 0.125551
0 0.495000 0.593612 0.076667 0.143172
0 0.339167 0.289648 0.055000 0.081498
0 0.238333 0.295154 0.050000 0.118943
0 0.394167 0.498899 0.058333 0.125551
0 0.628333 0.665198 0.073333 0.145374
0 0.289167 0.496696 0.075000 0.134361
0 0.336667 0.409692 0.043333 0.105727
0 0.729167 0.747797 0.061667 0.143172
0 0.661667 0.796256 0.053333 0.103524
0 0.126667 0.594714 0.063333 0.127753
0 0.177500 0.594714 0.048333 0.118943
0 0.051667 0.349119 0.066667 0.103524
0 0.034167 0.537445 0.055000 0.118943
0 0.053333 0.667401 0.053333 0.101322
0 0.213333 0.544053 0.056667 0.132159
0 0.260833 0.373348 0.051667 0.072687
0 0.943333 0.704846 0.050000 0.061674
