0 0.308341 0.284375 0.035614 0.071250
0 0.305061 0.220000 0.025305 0.057500
0 0.162137 0.366250 0.058107 0.097500
0 0.264292 0.296875 0.026242 0.061250
0 0.257732 0.196875 0.029991 0.048750
0 0.339738 0.096875 0.027179 0.066250
0 0.455951 0.150000 0.029053 0.067500
0 0.561856 0.105000 0.032802 0.060000
0 0.610590 0.106250 0.036551 0.082500
0 0.566542 0.417500 0.040300 0.057500
0 0.659325 0.391875 0.042174 0.093750
0 0.760075 0.290625 0.035614 0.061250
0 0.847235 0.636875 0.048735 0.078750
0 0.924555 0.574375 0.045923 0.066250
0 0.980319 0.519375 0.039363 0.071250
0 0.082943 0.276250 0.038425 0.075000
0 0.916589 0.168125 0.035614 0.071250
