0 0.240741 0.514493 0.116402 0.086957
0 0.367725 0.788647 0.126984 0.205314
0 0.129630 0.292271 0.079365 0.096618
0 0.215608 0.258454 0.092593 0.106280
0 0.304233 0.256039 0.089947 0.101449
0 0.546296 0.077295 0.087302 0.096618
0 0.629630 0.082126 0.079365 0.106280
0 0.649471 0.648551 0.150794 0.128019
0 0.591270 0.734300 0.108466 0.154589
0 0.522487 0.785024 0.108466 0.149758
0 0.793651 0.777778 0.121693 0.159420
0 0.891534 0.578502 0.174603 0.108696
0 0.250000 0.764493 0.113757 0.157005
0 0.888889 0.814010 0.074074 0.101449
0 0.038360 0.464976 0.066138 0.084541
