0 0.655015 0.270000 0.021277 0.028000
0 0.519757 0.271000 0.012158 0.022000
0 0.528116 0.287000 0.010638 0.034000
0 0.612462 0.504000 0.018237 0.028000
0 0.258359 0.501000 0.021277 0.026000
0 0.265957 0.551000 0.009119 0.026000
0 0.284954 0.562000 0.016717 0.032000
0 0.798632 0.460000 0.031915 0.024000
0 0.374620 0.493000 0.016717 0.038000
0 0.664134 0.326000 0.027356 0.036000
0 0.238602 0.743000 0.018237 0.046000
0 0.286474 0.746000 0.022796 0.044000
0 0.234043 0.808000 0.018237 0.032000
0 0.115502 0.364000 0.015198 0.028000
0 0.223404 0.120000 0.015198 0.028000
0 0.838906 0.292000 0.015198 0.024000
0 0.610942 0.689000 0.027356 0.030000
0 0.557751 0.345000 0.009119 0.030000
0 0.328267 0.374000 0.018237 0.020000
0 0.359422 0.304000 0.013678 0.036000
0 0.272036 0.194000 0.018237 0.032000
0 0.129939 0.667000 0.013678 0.022000
0 0.139818 0.711000 0.012158 0.034000
0 0.144377 0.836000 0.012158 0.036000
0 0.723404 0.745000 0.012158 0.022000
0 0.712766 0.719000 0.015198 0.034000
0 0.617781 0.620000 0.013678 0.040000
0 0.608663 0.082000 0.019757 0.032000
0 0.814590 0.055000 0.021277 0.030000
0 0.301672 0.051000 0.016717 0.042000
0 0.230243 0.437000 0.013678 0.022000
0 0.867781 0.425000 0.021277 0.034000
0 0.492401 0.316000 0.024316 0.036000
0 0.480243 0.202000 0.015198 0.040000
0 0.445289 0.520000 0.024316 0.028000
0 0.404255 0.685000 0.018237 0.026000
0 0.602584 0.720000 0.013678 0.028000
