0 0.523007 0.143000 0.020542 0.094000
0 0.472473 0.176000 0.029581 0.120000
0 0.543550 0.132000 0.017256 0.072000
0 0.336894 0.588000 0.019721 0.068000
0 0.347576 0.666000 0.032868 0.060000
0 0.320460 0.704000 0.023007 0.092000
0 0.336072 0.716000 0.018077 0.056000
0 0.295399 0.648000 0.017256 0.052000
0 0.317584 0.621000 0.018899 0.050000
0 0.207888 0.668000 0.018077 0.064000
0 0.177075 0.665000 0.015612 0.058000
0 0.133936 0.734000 0.008217 0.040000
0 0.141331 0.742000 0.014790 0.056000
0 0.264174 0.639000 0.015612 0.074000
0 0.242399 0.654000 0.016434 0.056000
0 0.224322 0.641000 0.014790 0.038000
0 0.193098 0.712000 0.013147 0.044000
0 0.776089 0.592000 0.013969 0.048000
0 0.813887 0.577000 0.012325 0.058000
0 0.785538 0.701000 0.016434 0.058000
0 0.807724 0.668000 0.018077 0.060000
0 0.769515 0.728000 0.013969 0.048000
0 0.804026 0.738000 0.017256 0.072000
0 0.877157 0.396000 0.009039 0.044000
0 0.887428 0.408000 0.009860 0.036000
0 0.905916 0.406000 0.009039 0.044000
0 0.918652 0.407000 0.011504 0.042000
0 0.953574 0.382000 0.010682 0.032000
0 0.979458 0.394000 0.013147 0.044000
0 0.963846 0.413000 0.014790 0.030000
0 0.496713 0.674000 0.007395 0.028000
0 0.267872 0.885000 0.009860 0.038000
0 0.256779 0.894000 0.010682 0.028000
0 0.507806 0.189000 0.026294 0.086000
0 0.797864 0.084000 0.013147 0.016000
0 0.512325 0.553000 0.009039 0.018000
