0 0.355456 0.154000 0.024747 0.040000
0 0.367267 0.210000 0.025872 0.052000
0 0.669854 0.209000 0.028121 0.050000
0 0.646232 0.225000 0.019123 0.062000
0 0.234533 0.711000 0.037120 0.070000
0 0.643420 0.728000 0.020247 0.076000
0 0.393138 0.154000 0.025872 0.072000
0 0.694038 0.099000 0.026997 0.046000
0 0.605737 0.199000 0.034871 0.062000
0 0.091676 0.908000 0.030371 0.084000
0 0.734533 0.804000 0.017998 0.060000
0 0.227784 0.264000 0.025872 0.060000
0 0.677728 0.301000 0.021372 0.082000
0 0.457818 0.434000 0.029246 0.048000
