0 0.168929 0.386190 0.055000 0.067619
0 0.092500 0.455238 0.057857 0.072381
0 0.090357 0.568571 0.043571 0.091429
0 0.131429 0.598571 0.048571 0.107619
0 0.156071 0.524762 0.043571 0.095238
0 0.170714 0.626190 0.040000 0.079048
0 0.223929 0.567143 0.045000 0.094286
0 0.259643 0.566667 0.036429 0.102857
0 0.286429 0.535238 0.037143 0.102857
0 0.302857 0.347143 0.047143 0.084762
0 0.323929 0.403810 0.039286 0.060952
0 0.336786 0.479524 0.049286 0.090476
0 0.382500 0.341429 0.049286 0.054286
0 0.380000 0.425714 0.038571 0.076190
0 0.419643 0.500000 0.046429 0.100952
0 0.501071 0.570000 0.043571 0.107619
0 0.544286 0.476667 0.044286 0.103810
0 0.587143 0.493333 0.038571 0.102857
0 0.604286 0.616190 0.048571 0.108571
0 0.670714 0.686667 0.047143 0.108571
0 0.731071 0.746190 0.046429 0.067619
0 0.618929 0.730952 0.052143 0.096190
0 0.517500 0.804286 0.036429 0.042857
0 0.545714 0.842857 0.030000 0.040000
0 0.566429 0.909048 0.034286 0.063810
0 0.563571 0.955714 0.028571 0.054286
0 0.502143 0.920000 0.040000 0.047619
0 0.610357 0.918571 0.035000 0.058095
0 0.828571 0.656667 0.044286 0.039048
0 0.873214 0.665714 0.046429 0.055238
0 0.981786 0.692381 0.035000 0.085714
