      0/99    0.845G    0.1166    0.1165         0    0.2331        46       640   0.01428   0.02289 0.0008999 0.0001336    0.1196    0.1004         0
      1/99    0.847G    0.1171    0.1336         0    0.2506        32       640   0.01369   0.02289  0.001055 0.0001451    0.1197    0.1007         0
      2/99    0.847G    0.1168    0.1223         0     0.239        72       640   0.01234   0.02015 0.0009705 0.0001487    0.1193    0.1018         0
      3/99    0.847G    0.1173    0.1233         0    0.2406        63       640   0.01348   0.02015 0.0009443 0.0001347    0.1194    0.1018         0
      4/99    0.847G    0.1171    0.1229         0    0.2401        82       640   0.01745   0.02198  0.001365 0.0002253    0.1192    0.1018         0
      5/99    0.847G     0.116    0.1146         0    0.2306        41       640   0.01198    0.0348 0.0009956 0.0001544    0.1196    0.1012         0
      6/99    0.847G    0.1164    0.1351         0    0.2515        52       640   0.01189   0.03205  0.001067 0.0001759    0.1195    0.1011         0
      7/99    0.847G     0.116    0.1246         0    0.2405        51       640   0.01433   0.01832  0.001153 0.0001722    0.1193    0.1018         0
      8/99    0.847G    0.1163     0.121         0    0.2373        28       640   0.01412   0.02564  0.001249 0.0002058    0.1193    0.1013         0
      9/99    0.847G     0.117    0.1366         0    0.2536        98       640    0.0126   0.03114  0.001068 0.0001679    0.1195    0.1011         0
     10/99    0.847G     0.117    0.1281         0    0.2451        40       640   0.01238   0.02381  0.001001 0.0001517    0.1194    0.1014         0
     11/99    0.847G    0.1166    0.1235         0    0.2401        86       640   0.01324   0.03297  0.001271 0.0002216    0.1196     0.101         0
     12/99    0.847G    0.1169    0.1262         0    0.2431        47       640   0.01413   0.03297  0.001394 0.0002273    0.1194    0.1012         0
     13/99    0.847G    0.1166    0.1155         0    0.2321        42       640   0.01733   0.03297  0.001546 0.0002354    0.1191    0.1018         0
     14/99    0.847G     0.116    0.1158         0    0.2318        61       640   0.01361   0.03388  0.001302  0.000199    0.1193    0.1019         0
     15/99    0.847G    0.1173    0.1218         0    0.2391        37       640   0.01363   0.03293  0.001228 0.0002284    0.1191    0.1024         0
     16/99    0.847G    0.1174    0.1295         0    0.2469        75       640   0.01264   0.03205  0.001317 0.0002064    0.1188    0.1031         0
     17/99    0.847G    0.1167    0.1211         0    0.2379        46       640   0.01203    0.0293  0.001104 0.0001633    0.1189    0.1033         0
     18/99    0.847G    0.1157     0.119         0    0.2347        30       640   0.01376   0.02747  0.001144  0.000177    0.1185    0.1049         0
     19/99    0.847G     0.117    0.1254         0    0.2424        27       640    0.0118   0.03388  0.001089 0.0001603    0.1186    0.1045         0
     20/99    0.847G    0.1159    0.1214         0    0.2373        18       640   0.01904   0.02473  0.001384   0.00021    0.1185    0.1046         0
     21/99    0.847G    0.1157    0.1366         0    0.2523        62       640  0.009461   0.04304 0.0009417 0.0001673    0.1185    0.1049         0
     22/99    0.847G    0.1162     0.123         0    0.2392        48       640   0.01148   0.03114  0.001074 0.0001807    0.1184    0.1049         0
     23/99    0.847G    0.1161    0.1356         0    0.2517        19       640   0.01662   0.01923  0.001111 0.0001762    0.1183    0.1049         0
     24/99    0.847G    0.1158    0.1238         0    0.2396        37       640   0.01168   0.03022  0.001071 0.0001628    0.1183    0.1048         0
     25/99    0.847G    0.1156     0.124         0    0.2396        45       640    0.0116   0.04487   0.00137 0.0002135    0.1184    0.1048         0
     26/99    0.847G    0.1157    0.1314         0     0.247        33       640   0.01233    0.0293  0.001081 0.0001783    0.1177    0.1062         0
     27/99    0.847G    0.1163    0.1237         0      0.24        64       640   0.01284   0.02747  0.001103  0.000183    0.1176    0.1059         0
     28/99    0.847G    0.1154    0.1293         0    0.2446        12       640    0.0109   0.02381  0.001136 0.0001909    0.1176    0.1054         0
     29/99    0.847G    0.1158    0.1248         0    0.2406        17       640   0.01107    0.0293  0.001076 0.0001647    0.1175    0.1056         0
     30/99    0.847G    0.1159    0.1347         0    0.2505        74       640   0.01341   0.01923 0.0009876 0.0001426    0.1178    0.1052         0
     31/99    0.847G    0.1157    0.1358         0    0.2515        50       640  0.009628   0.04396  0.001017 0.0001567    0.1175    0.1055         0
     32/99    0.847G    0.1161    0.1332         0    0.2493        30       640   0.01515   0.02656  0.001317 0.0002199    0.1176    0.1048         0
     33/99    0.847G    0.1162    0.1319         0    0.2482        75       640   0.01286   0.02381  0.001172 0.0001948    0.1174    0.1051         0
     34/99    0.847G    0.1174    0.1351         0    0.2524        56       640   0.01234   0.03571  0.001211 0.0001912    0.1176    0.1047         0
     35/99    0.847G    0.1163     0.128         0    0.2443        37       640   0.01214   0.03022  0.001037 0.0001621    0.1177    0.1044         0
     36/99    0.847G    0.1151    0.1265         0    0.2416        58       640    0.0142   0.03205   0.00137   0.00021    0.1173    0.1052         0
     37/99    0.847G    0.1157    0.1238         0    0.2395        57       640    0.0148   0.03022   0.00119 0.0002045    0.1172    0.1055         0
     38/99    0.847G    0.1164    0.1308         0    0.2472        44       640    0.0124   0.02564  0.001164 0.0001833    0.1176    0.1042         0
     39/99    0.847G    0.1166    0.1352         0    0.2517        19       640   0.01184   0.03297  0.001143 0.0001728    0.1177    0.1034         0
     40/99    0.847G    0.1166    0.1235         0    0.2401        21       640   0.01191   0.03022  0.001073 0.0001608    0.1178    0.1029         0
     41/99    0.847G    0.1151    0.1224         0    0.2375        64       640   0.01264   0.02289 0.0009977 0.0001585    0.1183    0.1018         0
     42/99    0.847G    0.1165    0.1316         0    0.2482        48       640   0.01059   0.03114  0.001114 0.0001762    0.1182    0.1016         0
     43/99    0.847G    0.1167     0.123         0    0.2396        77       640    0.0128    0.0293  0.001243 0.0001958    0.1187    0.1002         0
     44/99    0.847G    0.1175    0.1165         0     0.234        55       640   0.01733   0.02106  0.001192 0.0001868    0.1185    0.1005         0
     45/99    0.847G    0.1175    0.1259         0    0.2434        85       640   0.01648   0.01923  0.001109 0.0001749    0.1183    0.1011         0
     46/99    0.847G    0.1176    0.1343         0    0.2519        31       640   0.01249   0.01923  0.001023 0.0001565    0.1181    0.1013         0
     47/99    0.847G    0.1169    0.1177         0    0.2346        49       640   0.01527   0.01923  0.001128 0.0001742    0.1185    0.1004         0
     48/99    0.847G    0.1178    0.1302         0     0.248        24       640   0.01311    0.0467   0.00148 0.0002113    0.1184    0.1007         0
     49/99    0.847G    0.1171    0.1272         0    0.2443        63       640    0.0131   0.03114  0.001195 0.0001938    0.1183    0.1008         0
     50/99    0.847G    0.1168    0.1318         0    0.2486        41       640   0.01751   0.02015  0.001232 0.0001933    0.1184    0.1007         0
     51/99    0.847G    0.1169    0.1233         0    0.2403        41       640     0.011   0.03938   0.00123 0.0001761    0.1185    0.1004         0
     52/99    0.847G    0.1149    0.1173         0    0.2322        34       640  0.008762    0.0467 0.0009883 0.0001545    0.1185    0.1005         0
     53/99    0.847G    0.1158    0.1293         0    0.2451        68       640   0.01055    0.0293 0.0009889 0.0001562    0.1185    0.1006         0
     54/99    0.847G    0.1172    0.1309         0    0.2481        53       640   0.01152   0.02839  0.001009  0.000152    0.1184    0.1009         0
     55/99    0.847G    0.1177     0.124         0    0.2418        20       640   0.01315   0.02839   0.00126 0.0001794    0.1184    0.1003         0
     56/99    0.847G    0.1157     0.118         0    0.2337        44       640   0.01367   0.02198 0.0009922 0.0001368    0.1187    0.1002         0
     57/99    0.847G    0.1161    0.1282         0    0.2443        65       640   0.01238   0.04487  0.001158 0.0001724    0.1188   0.09962         0
     58/99    0.847G    0.1173    0.1305         0    0.2478        52       640   0.02834   0.01282  0.001334 0.0001996    0.1183    0.1012         0
     59/99    0.847G    0.1175    0.1303         0    0.2477        34       640   0.01267   0.02747  0.001171 0.0001917    0.1182    0.1018         0
     60/99    0.847G     0.116     0.127         0     0.243        27       640   0.01171   0.04304  0.001287 0.0001917    0.1184    0.1016         0
     61/99    0.847G     0.116    0.1213         0    0.2372        57       640    0.0161   0.02015  0.001338 0.0001927    0.1183    0.1016         0
     62/99    0.847G    0.1178    0.1332         0     0.251        43       640   0.01635   0.02015  0.001227 0.0001917     0.118    0.1025         0
     63/99    0.847G    0.1161    0.1288         0    0.2449        49       640  0.009896   0.04487  0.001065 0.0001661    0.1182    0.1023         0
     64/99    0.847G    0.1163    0.1265         0    0.2428        27       640   0.01314   0.01557 0.0009682 0.0001579    0.1182    0.1023         0
     65/99    0.847G     0.117    0.1262         0    0.2433       127       640   0.01528   0.01832 0.0009735 0.0001513    0.1184    0.1022         0
     66/99    0.847G    0.1165    0.1347         0    0.2512        20       640   0.01124    0.0348  0.001071 0.0001848    0.1177    0.1037         0
     67/99    0.847G    0.1159    0.1212         0    0.2371        56       640   0.01165   0.02656  0.001108 0.0001696     0.118     0.103         0
     68/99    0.847G    0.1173    0.1214         0    0.2387        33       640   0.01218   0.03938   0.00124 0.0001761    0.1182    0.1027         0
     69/99    0.847G    0.1173    0.1302         0    0.2475        73       640   0.01282   0.03205  0.001045 0.0001722    0.1182    0.1025         0
     70/99    0.847G    0.1162    0.1337         0      0.25        56       640   0.01812   0.01648  0.001112 0.0001651    0.1181    0.1028         0
     71/99    0.847G    0.1173    0.1287         0     0.246        57       640   0.01778   0.01557  0.001126 0.0001692     0.118     0.103         0
     72/99    0.847G    0.1164     0.132         0    0.2484        47       640   0.01286   0.01923    0.0011 0.0001767    0.1183    0.1026         0
     73/99    0.847G    0.1165    0.1245         0     0.241        61       640   0.01326   0.02106  0.001071 0.0001806    0.1181    0.1033         0
     74/99    0.847G    0.1156    0.1204         0     0.236        35       640    0.0132   0.03388  0.001195 0.0001809     0.118    0.1029         0
     75/99    0.847G    0.1162    0.1217         0    0.2379        17       640   0.01535   0.02656  0.001118 0.0001662    0.1183     0.102         0
     76/99    0.847G    0.1148    0.1188         0    0.2335        16       640    0.0129   0.02564  0.001137 0.0001763     0.118    0.1022         0
     77/99    0.847G    0.1172    0.1315         0    0.2487        54       640   0.01532   0.02473  0.001188 0.0001815    0.1185    0.1013         0
     78/99    0.847G    0.1157    0.1198         0    0.2355        75       640   0.01464   0.03114  0.001419 0.0002088    0.1181    0.1021         0
     79/99    0.847G    0.1163    0.1294         0    0.2456        21       640   0.01057   0.03114  0.001014 0.0001662    0.1182    0.1019         0
     80/99    0.847G    0.1171    0.1273         0    0.2445        36       640   0.01062   0.04487  0.001112  0.000181    0.1183    0.1014         0
     81/99    0.847G    0.1161    0.1254         0    0.2415        53       640   0.01092   0.03022 0.0009993 0.0001628    0.1181    0.1024         0
     82/99    0.847G    0.1165    0.1173         0    0.2338        30       640    0.0131   0.03114  0.001138 0.0001723    0.1182    0.1015         0
     83/99    0.847G     0.116    0.1166         0    0.2326        58       640   0.01411   0.03297  0.001159 0.0001639    0.1185    0.1007         0
     84/99    0.847G     0.117    0.1254         0    0.2425       109       640   0.01406   0.02839   0.00107 0.0001707    0.1186    0.1005         0
     85/99    0.847G    0.1153    0.1391         0    0.2544        36       640   0.01328   0.02839  0.001153 0.0001843    0.1182    0.1011         0
     86/99    0.847G    0.1158    0.1256         0    0.2414        50       640   0.01021   0.02289 0.0008879 0.0001496    0.1182    0.1008         0
     87/99    0.847G    0.1163    0.1225         0    0.2388        13       640   0.01151   0.03297  0.001095 0.0001716    0.1184    0.1006         0
     88/99    0.847G    0.1153    0.1218         0    0.2371        21       640   0.01234   0.03022  0.001101 0.0001747    0.1183    0.1005         0
     89/99    0.847G    0.1164    0.1355         0    0.2519        22       640   0.01736   0.01465 0.0009866 0.0001616    0.1182    0.1013         0
     90/99    0.847G    0.1156    0.1222         0    0.2378         9       640   0.01268    0.0293  0.001279 0.0002093    0.1183    0.1008         0
     91/99    0.847G    0.1159    0.1232         0    0.2391        51       640   0.01666   0.02289  0.001233 0.0001908    0.1182    0.1016         0
     92/99    0.847G    0.1162    0.1212         0    0.2374        32       640    0.0119    0.0293  0.001086 0.0001834    0.1183    0.1011         0
     93/99    0.847G    0.1173    0.1383         0    0.2556        58       640   0.01042   0.03388  0.001098 0.0001768    0.1182    0.1015         0
     94/99    0.847G    0.1164    0.1267         0    0.2431       124       640   0.01525   0.02015  0.001075 0.0001591    0.1183    0.1013         0
     95/99    0.847G    0.1159    0.1184         0    0.2343        71       640    0.0175   0.01923  0.001123 0.0001655    0.1183    0.1011         0
     96/99    0.847G    0.1171    0.1272         0    0.2443        49       640   0.01736   0.01557  0.001019 0.0001551     0.118    0.1018         0
     97/99    0.847G    0.1176    0.1324         0      0.25        46       640   0.01804   0.01571  0.001102 0.0001804    0.1178    0.1021         0
     98/99    0.847G    0.1174    0.1318         0    0.2492        49       640   0.01179   0.03938  0.001215 0.0001895    0.1181    0.1012         0
     99/99    0.847G     0.117    0.1273         0    0.2442        25       640    0.0114   0.04304  0.001186 0.0001721    0.1183     0.101         0
