      0/99    0.833G     0.116    0.1187         0    0.2347        46       640  0.005602   0.05769 0.0006766 9.926e-05    0.1167    0.1079         0
      1/99    0.835G    0.1164    0.1344         0    0.2508        32       640  0.004473   0.07692 0.0004937 7.642e-05    0.1172    0.1079         0
      2/99    0.835G     0.116    0.1247         0    0.2407        72       640   0.00459   0.07509 0.0005034 8.602e-05     0.117    0.1086         0
      3/99    0.835G    0.1163    0.1262         0    0.2424        63       640  0.005045   0.06319 0.0005636 8.488e-05    0.1168    0.1086         0
      4/99    0.835G    0.1167    0.1256         0    0.2423        82       640  0.004892   0.07967    0.0006 9.914e-05    0.1169    0.1085         0
      5/99    0.835G    0.1155    0.1156         0     0.231        41       640  0.006567   0.03205 0.0006407 9.461e-05    0.1166    0.1095         0
      6/99    0.835G    0.1157    0.1378         0    0.2535        52       640  0.003948   0.07692 0.0004006 6.789e-05    0.1167    0.1088         0
      7/99    0.835G    0.1151    0.1263         0    0.2415        51       640  0.005017   0.07601 0.0005577 8.523e-05    0.1164    0.1092         0
      8/99    0.835G    0.1148    0.1244         0    0.2392        28       640  0.005362   0.07875 0.0006628 0.0001012    0.1163     0.109         0
      9/99    0.835G    0.1156    0.1399         0    0.2554        98       640  0.004904   0.06044 0.0007036 0.0001009    0.1161    0.1102         0
     10/99    0.835G    0.1157    0.1314         0    0.2471        40       640  0.004743    0.0641 0.0005761  9.86e-05    0.1162    0.1099         0
     11/99    0.835G    0.1154    0.1268         0    0.2422        86       640  0.005338    0.0815 0.0006866 0.0001073    0.1163    0.1094         0
     12/99    0.835G    0.1155    0.1295         0     0.245        47       640  0.005126    0.0641 0.0006241 9.488e-05    0.1163    0.1091         0
     13/99    0.835G    0.1148    0.1202         0    0.2349        42       640  0.008892  0.009158 0.0005538 9.213e-05     0.116    0.1096         0
     14/99    0.835G    0.1139    0.1209         0    0.2347        61       640   0.00539   0.07418 0.0006405 0.0001002    0.1157    0.1097         0
     15/99    0.835G    0.1147     0.128         0    0.2428        37       640  0.004601   0.07509 0.0005416 8.605e-05    0.1156    0.1102         0
     16/99    0.835G    0.1142    0.1357         0    0.2499        75       640  0.008612   0.01099 0.0005938 9.987e-05    0.1153    0.1108         0
     17/99    0.835G    0.1143    0.1262         0    0.2405        46       640  0.004709   0.07692 0.0005939 8.985e-05    0.1147    0.1119         0
     18/99    0.835G    0.1132    0.1257         0    0.2389        30       640   0.00542   0.07509 0.0007281 0.0001151    0.1144    0.1123         0
     19/99    0.835G    0.1142    0.1312         0    0.2454        27       640  0.009928    0.0119 0.0007944 0.0001277     0.114    0.1128         0
     20/99    0.835G    0.1121    0.1284         0    0.2405        18       640  0.009847  0.008242 0.0006455  0.000116    0.1137    0.1132         0
     21/99    0.835G    0.1127    0.1419         0    0.2546        62       640  0.005153   0.08516 0.0006296 0.0001017    0.1134     0.114         0
     22/99    0.835G    0.1128    0.1298         0    0.2425        48       640  0.008975   0.01007 0.0007268 0.0001216    0.1135    0.1132         0
     23/99    0.835G    0.1123    0.1427         0     0.255        19       640  0.009364   0.01282 0.0006246  0.000103    0.1131    0.1133         0
     24/99    0.835G    0.1123    0.1306         0    0.2429        37       640   0.01095    0.0119 0.0006835 0.0001209    0.1132    0.1134         0
     25/99    0.835G    0.1117    0.1311         0    0.2428        45       640  0.007642   0.01648 0.0007228 0.0001182    0.1131    0.1129         0
     26/99    0.835G    0.1122    0.1385         0    0.2507        33       640   0.01061   0.01374  0.000774 0.0001284    0.1127    0.1133         0
     27/99    0.835G    0.1126    0.1297         0    0.2423        64       640  0.009495    0.0119 0.0006875 0.0001281    0.1125    0.1128         0
     28/99    0.835G     0.112    0.1355         0    0.2475        12       640   0.00897   0.01007 0.0006514 9.417e-05    0.1126    0.1124         0
     29/99    0.835G    0.1128    0.1306         0    0.2434        17       640   0.01093  0.009158 0.0007277 0.0001052    0.1125    0.1124         0
     30/99    0.835G    0.1117    0.1429         0    0.2545        74       640  0.006028   0.02473 0.0007663 0.0001116    0.1124    0.1123         0
     31/99    0.835G    0.1127    0.1413         0     0.254        50       640  0.004914   0.09524 0.0006462 9.557e-05    0.1124    0.1119         0
     32/99    0.835G    0.1129    0.1389         0    0.2518        30       640   0.00572   0.02656 0.0006558 0.0001287    0.1126    0.1109         0
     33/99    0.835G    0.1126    0.1385         0    0.2512        75       640   0.01962   0.01007  0.000917 0.0001387    0.1125    0.1116         0
     34/99    0.835G    0.1138     0.141         0    0.2548        56       640    0.0104   0.01099 0.0007461  0.000123    0.1123     0.111         0
     35/99    0.835G    0.1126    0.1343         0     0.247        37       640  0.005139    0.0696 0.0006623 0.0001117    0.1124    0.1113         0
     36/99    0.835G     0.111    0.1339         0    0.2449        58       640  0.005587   0.08425 0.0007412 0.0001127    0.1123    0.1119         0
     37/99    0.835G    0.1121    0.1299         0     0.242        57       640  0.005587    0.0696 0.0007024 0.0001112    0.1121    0.1121         0
     38/99    0.835G    0.1125    0.1378         0    0.2502        44       640  0.005507   0.08242 0.0007292 0.0001174     0.112    0.1123         0
     39/99    0.835G    0.1124    0.1429         0    0.2553        19       640  0.005253     0.109 0.0007162 0.0001157    0.1117    0.1127         0
     40/99    0.835G    0.1121    0.1319         0    0.2441        21       640  0.005395   0.04304 0.0006275 9.983e-05    0.1119    0.1113         0
     41/99    0.835G    0.1108    0.1308         0    0.2415        64       640  0.006319    0.0641 0.0008646 0.0001502    0.1121    0.1109         0
     42/99    0.835G    0.1119    0.1386         0    0.2505        48       640  0.005759   0.07143 0.0006957 0.0001185    0.1121    0.1102         0
     43/99    0.835G    0.1123    0.1299         0    0.2422        77       640  0.005594    0.0989 0.0008888 0.0001463    0.1121      0.11         0
     44/99    0.835G    0.1126    0.1252         0    0.2378        55       640  0.005689    0.1117 0.0007816 0.0001272    0.1121    0.1101         0
     45/99    0.835G    0.1127    0.1349         0    0.2476        85       640  0.006433   0.05678 0.0009534 0.0001748    0.1119    0.1102         0
     46/99    0.835G     0.113    0.1433         0    0.2563        31       640  0.006164   0.05495 0.0007625  0.000136     0.112    0.1099         0
     47/99    0.835G    0.1124    0.1253         0    0.2376        49       640  0.005984   0.07418 0.0007757 0.0001225    0.1121      0.11         0
     48/99    0.835G    0.1129    0.1402         0    0.2532        24       640  0.006033   0.06685 0.0009103 0.0001438    0.1122      0.11         0
     49/99    0.835G    0.1125    0.1362         0    0.2487        63       640  0.006068     0.109 0.0008659 0.0001381    0.1123    0.1098         0
     50/99    0.835G    0.1122    0.1402         0    0.2524        41       640  0.006191   0.06044 0.0009779 0.0001415    0.1122      0.11         0
     51/99    0.835G    0.1126    0.1316         0    0.2443        41       640  0.006308   0.09432 0.0008872 0.0001464    0.1124    0.1099         0
     52/99    0.835G    0.1109    0.1253         0    0.2362        34       640  0.006138   0.07692 0.0008108 0.0001223    0.1127    0.1093         0
     53/99    0.835G    0.1117    0.1374         0     0.249        68       640  0.006188   0.07601 0.0008287 0.0001366    0.1128    0.1095         0
     54/99    0.835G    0.1128    0.1397         0    0.2525        53       640  0.005818   0.08516 0.0008097 0.0001309    0.1127    0.1092         0
     55/99    0.835G    0.1132    0.1317         0     0.245        20       640  0.005919   0.07234 0.0008381 0.0001348    0.1128    0.1088         0
     56/99    0.835G    0.1111    0.1258         0     0.237        44       640  0.005818   0.06502 0.0007303 0.0001164    0.1131    0.1086         0
     57/99    0.835G    0.1124     0.135         0    0.2474        65       640  0.005986    0.1062 0.0009529 0.0001539     0.113    0.1086         0
     58/99    0.835G    0.1137    0.1369         0    0.2505        52       640  0.006629    0.0522 0.0009178 0.0001516    0.1128    0.1087         0
     59/99    0.835G    0.1137    0.1363         0      0.25        34       640  0.006064   0.04853 0.0007525 0.0001326    0.1129    0.1086         0
     60/99    0.835G    0.1116    0.1336         0    0.2452        27       640  0.006028    0.1163 0.0009404 0.0001495    0.1126    0.1093         0
     61/99    0.835G     0.112    0.1279         0      0.24        57       640  0.006186   0.08516 0.0009218 0.0001385    0.1124    0.1092         0
     62/99    0.835G    0.1136    0.1388         0    0.2524        43       640   0.00569    0.1033 0.0008149 0.0001315    0.1122    0.1096         0
     63/99    0.835G    0.1127    0.1346         0    0.2473        49       640  0.009373   0.01557 0.0009108 0.0001415    0.1122    0.1095         0
     64/99    0.835G     0.113    0.1315         0    0.2444        27       640  0.005923    0.1154 0.0009502 0.0001574    0.1123    0.1095         0
     65/99    0.835G    0.1131    0.1316         0    0.2447       127       640  0.005871    0.1227  0.001061 0.0001962    0.1123    0.1095         0
     66/99    0.835G    0.1126      0.14         0    0.2527        20       640  0.005824   0.05769 0.0008842 0.0001441     0.112    0.1098         0
     67/99    0.835G    0.1122    0.1271         0    0.2393        56       640  0.005273   0.08059 0.0006848 0.0001177    0.1123    0.1092         0
     68/99    0.835G    0.1135    0.1262         0    0.2397        33       640   0.00522    0.1227 0.0007259 0.0001146    0.1123    0.1091         0
     69/99    0.835G    0.1131    0.1358         0    0.2489        73       640   0.00609   0.03571 0.0008453 0.0001552    0.1123    0.1093         0
     70/99    0.835G    0.1127    0.1382         0    0.2509        56       640  0.007766   0.01374 0.0006989 0.0001227    0.1122    0.1094         0
     71/99    0.835G    0.1135     0.134         0    0.2475        57       640   0.01043   0.01465 0.0007008 0.0001117    0.1125    0.1087         0
     72/99    0.835G    0.1121    0.1379         0    0.2499        47       640  0.006652   0.03297 0.0007922 0.0001214    0.1124    0.1088         0
     73/99    0.835G    0.1129    0.1285         0    0.2414        61       640  0.005322    0.1026 0.0007195 0.0001209    0.1124    0.1091         0
     74/99    0.835G     0.112    0.1265         0    0.2385        35       640  0.004605   0.08242 0.0006057 0.0001157    0.1124    0.1091         0
     75/99    0.835G    0.1131    0.1262         0    0.2393        17       640   0.00839   0.01374 0.0007396 0.0001281    0.1125    0.1085         0
     76/99    0.835G    0.1118    0.1236         0    0.2353        16       640  0.006623   0.03297 0.0008551 0.0001219    0.1126    0.1083         0
     77/99    0.835G    0.1135    0.1361         0    0.2496        54       640  0.005168    0.1062  0.000686 0.0001065    0.1127    0.1083         0
     78/99    0.835G    0.1118    0.1256         0    0.2375        75       640  0.005117   0.05037 0.0007268 0.0001569    0.1127    0.1084         0
     79/99    0.835G    0.1127    0.1348         0    0.2475        21       640  0.008748   0.01007 0.0006838 0.0001259    0.1127    0.1084         0
     80/99    0.835G    0.1133     0.134         0    0.2472        36       640  0.008901   0.01099 0.0006698 0.0001161    0.1126    0.1083         0
     81/99    0.835G    0.1125    0.1316         0    0.2441        53       640  0.004981   0.03938 0.0005734 0.0001144    0.1127    0.1085         0
     82/99    0.835G    0.1126    0.1242         0    0.2368        30       640  0.008538   0.01282  0.000713  0.000137    0.1125    0.1087         0
     83/99    0.835G    0.1125    0.1233         0    0.2359        58       640  0.005328   0.04304 0.0006592 0.0001146    0.1128    0.1083         0
     84/99    0.835G    0.1134    0.1312         0    0.2445       109       640  0.006088   0.04304 0.0007652 0.0001295    0.1128    0.1083         0
     85/99    0.835G    0.1119    0.1433         0    0.2552        36       640  0.008187    0.0119 0.0005708  9.81e-05    0.1129    0.1078         0
     86/99    0.835G     0.112    0.1319         0    0.2439        50       640   0.01037   0.01007 0.0006713 0.0001154    0.1127     0.108         0
     87/99    0.835G    0.1127    0.1269         0    0.2396        13       640  0.005911   0.03114 0.0006677 0.0001047     0.113    0.1078         0
     88/99    0.835G     0.112    0.1276         0    0.2396        21       640  0.009149   0.01282 0.0006147 0.0001033    0.1132    0.1074         0
     89/99    0.835G    0.1127    0.1411         0    0.2539        22       640  0.005221   0.03846 0.0005892 9.912e-05    0.1132    0.1075         0
     90/99    0.835G    0.1123    0.1282         0    0.2405         9       640   0.00802    0.0119 0.0006477 0.0001206    0.1132    0.1077         0
     91/99    0.835G    0.1124    0.1287         0    0.2411        51       640  0.004791    0.0989 0.0006654 0.0001392     0.113    0.1078         0
     92/99    0.835G    0.1131    0.1255         0    0.2386        32       640  0.006131   0.04945 0.0007279 0.0001256    0.1132    0.1074         0
     93/99    0.835G    0.1141    0.1431         0    0.2572        58       640  0.007947   0.01282 0.0006343  0.000111    0.1131    0.1074         0
     94/99    0.835G    0.1132    0.1307         0    0.2438       124       640  0.005065   0.08242 0.0007271  0.000126    0.1132    0.1072         0
     95/99    0.835G    0.1122    0.1234         0    0.2357        71       640  0.008167   0.01374 0.0006169 9.887e-05    0.1134    0.1067         0
     96/99    0.835G    0.1142    0.1309         0     0.245        49       640  0.004894   0.03571 0.0006066 0.0001114    0.1132     0.107         0
     97/99    0.835G    0.1147     0.135         0    0.2497        46       640  0.009755   0.01282 0.0007328 0.0001658    0.1132     0.107         0
     98/99    0.835G    0.1137    0.1354         0    0.2491        49       640  0.006895   0.01374 0.0006224 9.571e-05    0.1133    0.1068         0
     99/99    0.835G    0.1142     0.131         0    0.2452        25       640   0.00971   0.01557 0.0006539 0.0001107    0.1133    0.1068         0
